 0.000E+00 0.000E+00 0.000E+00 0.000E+00 0.000E+00 0.000E+00 0.000E+00 0.000E+00
 0.000E+00 0.000E+00 0.000E+00 0.000E+00 0.000E+00 0.000E+00 0.000E+00 0.000E+00
 0.000E+00 0.000E+00 0.000E+00 0.000E+00 0.000E+00 0.000E+00 0.000E+00 0.000E+00
 0.000E+00 0.000E+00 0.000E+00 0.000E+00 0.000E+00 0.000E+00 0.000E+00 0.000E+00
 0.000E+00 0.000E+00 0.000E+00 0.000E+00 0.000E+00 0.000E+00 0.000E+00 0.000E+00
 0.000E+00 0.000E+00 0.000E+00 0.000E+00 0.000E+00 0.000E+00 0.000E+00 0.000E+00
 0.000E+00 0.000E+00 0.000E+00 0.000E+00 0.000E+00 0.000E+00 0.000E+00 0.000E+00
 0.000E+00 0.000E+00 0.000E+00 0.000E+00 0.000E+00 0.000E+00 0.000E+00 0.000E+00
 0.000E+00 0.000E+00 0.000E+00 0.000E+00 0.000E+00 0.000E+00 0.000E+00 0.000E+00
 0.000E+00 0.000E+00 0.000E+00 0.000E+00 0.000E+00 0.000E+00 0.000E+00 0.000E+00
 0.000E+00 0.000E+00 0.000E+00 0.000E+00 0.000E+00 0.000E+00 0.000E+00 0.000E+00
 0.000E+00 0.000E+00 0.000E+00 0.000E+00 0.000E+00 0.000E+00 0.000E+00 0.000E+00
 0.000E+00 0.000E+00 0.000E+00 0.000E+00 0.000E+00 0.000E+00 0.000E+00 0.000E+00
 0.000E+00 0.000E+00 0.000E+00 0.000E+00 0.000E+00 0.000E+00 0.000E+00 0.000E+00
 0.000E+00 0.000E+00 0.000E+00 0.000E+00 0.000E+00 0.000E+00 0.000E+00 0.000E+00
 0.000E+00 0.000E+00 0.000E+00 0.000E+00 0.000E+00 0.000E+00 0.000E+00 0.000E+00
 0.000E+00 0.000E+00 0.000E+00 0.000E+00 0.000E+00 0.000E+00 0.000E+00 0.000E+00
 0.000E+00 0.000E+00 0.000E+00 0.000E+00 0.000E+00 0.000E+00 0.000E+00 0.000E+00
 0.000E+00 0.000E+00 0.000E+00 0.000E+00 0.000E+00 0.000E+00 0.000E+00 0.000E+00
 0.000E+00 0.000E+00 0.000E+00 0.000E+00 0.000E+00 0.000E+00 0.000E+00 0.000E+00
 0.000E+00 0.000E+00 0.000E+00 0.000E+00 0.000E+00 0.000E+00 0.000E+00 0.000E+00
 0.000E+00 0.000E+00 0.000E+00 0.000E+00 0.000E+00 0.000E+00 0.000E+00 0.000E+00
 0.000E+00 0.000E+00 0.000E+00 0.000E+00 0.000E+00 0.000E+00 0.000E+00 0.000E+00
 0.000E+00 0.000E+00 0.000E+00 0.000E+00 0.000E+00 0.000E+00 0.000E+00 0.000E+00
 0.000E+00 0.000E+00 0.000E+00 0.000E+00 0.000E+00 0.000E+00 0.000E+00 0.000E+00
 0.000E+00 0.000E+00 0.000E+00 0.000E+00 0.000E+00 0.000E+00 0.000E+00 0.000E+00
 0.000E+00 0.000E+00 0.000E+00 0.000E+00 0.000E+00 0.000E+00 0.000E+00 0.000E+00
 0.000E+00 0.000E+00 0.000E+00 0.000E+00 0.000E+00 0.000E+00 0.000E+00 0.000E+00
 0.000E+00 0.000E+00 0.000E+00 0.000E+00 0.000E+00 0.000E+00 0.000E+00 0.000E+00
 0.000E+00 0.000E+00 0.000E+00 0.000E+00 0.000E+00 0.000E+00 0.000E+00 0.000E+00
 0.000E+00 0.000E+00 0.000E+00 0.000E+00 0.000E+00 0.000E+00 0.000E+00 0.000E+00
 0.000E+00 0.000E+00 0.000E+00 0.000E+00 0.000E+00 0.000E+00 0.000E+00 0.000E+00
 0.000E+00 0.000E+00 0.000E+00 0.000E+00 0.000E+00 0.000E+00 0.000E+00 0.000E+00
 0.000E+00 0.000E+00 0.000E+00 0.000E+00 0.000E+00 0.000E+00 0.000E+00 0.000E+00
 0.000E+00 0.000E+00 0.000E+00 0.000E+00 0.000E+00 0.000E+00 0.000E+00 0.000E+00
 0.000E+00 0.000E+00 0.000E+00 0.000E+00 0.000E+00 0.000E+00 0.000E+00 0.000E+00
 0.000E+00 0.000E+00 0.000E+00 0.000E+00 0.000E+00 0.000E+00 0.000E+00 0.000E+00
 0.000E+00 0.000E+00 0.000E+00 0.000E+00 0.000E+00 0.000E+00 0.000E+00 0.000E+00
 0.000E+00 0.000E+00 0.000E+00 0.000E+00 0.000E+00 0.000E+00 0.000E+00 0.000E+00
 0.000E+00 0.000E+00 0.000E+00 0.000E+00 0.000E+00 0.000E+00 0.000E+00 0.000E+00
 0.000E+00 0.000E+00 0.000E+00 0.000E+00 0.000E+00 0.000E+00 0.000E+00 0.000E+00
 0.000E+00 0.000E+00 0.000E+00 0.000E+00 0.000E+00 0.000E+00 0.000E+00 0.000E+00
 0.000E+00 0.000E+00 0.000E+00 0.000E+00 0.000E+00 0.000E+00 0.000E+00 0.000E+00
 0.000E+00 0.000E+00 0.000E+00 0.000E+00 0.000E+00 0.000E+00 0.000E+00 0.000E+00
 0.000E+00 0.000E+00 0.000E+00 0.000E+00 0.000E+00 0.000E+00 0.000E+00 0.000E+00
 0.000E+00 0.000E+00 0.000E+00 0.000E+00 0.000E+00 0.000E+00 0.000E+00 0.000E+00
 0.000E+00 0.000E+00 0.000E+00 0.000E+00 0.000E+00 0.000E+00 0.000E+00 0.000E+00
 0.000E+00 0.000E+00 0.000E+00 0.000E+00 0.000E+00 0.000E+00 0.000E+00 0.000E+00
 0.000E+00 0.000E+00 0.000E+00 0.000E+00 0.000E+00 0.000E+00 0.000E+00 0.000E+00
 0.000E+00 0.000E+00 0.000E+00 0.000E+00 0.000E+00 0.000E+00 0.000E+00 0.000E+00
 0.000E+00 0.000E+00 0.000E+00 0.000E+00 0.000E+00 0.000E+00 0.000E+00 0.000E+00
 0.000E+00 0.000E+00 0.000E+00 0.000E+00 0.000E+00 0.000E+00 0.000E+00 0.000E+00
 0.000E+00 0.000E+00 0.000E+00 0.000E+00 0.000E+00 0.000E+00 0.000E+00 0.000E+00
 0.000E+00 0.000E+00 0.000E+00 0.000E+00 0.000E+00 0.000E+00 0.000E+00 0.000E+00
 0.000E+00 0.000E+00 0.000E+00 0.000E+00 0.000E+00 0.000E+00 0.000E+00 0.000E+00
 0.000E+00 0.000E+00 3.865E-07 2.319E-06 4.638E-06 2.088E-05 5.106E-05 8.123E-05
 1.114E-04 1.416E-04 3.159E-04 6.343E-04 1.003E-03 1.676E-03 2.399E-03 3.358E-03
 4.553E-03 6.522E-03 1.314E-02 2.053E-02 2.767E-02 3.456E-02 4.175E-02 5.069E-02
 5.994E-02 7.194E-02 8.671E-02 1.031E-01 1.289E-01 1.564E-01 1.756E-01 1.865E-01
 1.880E-01 1.943E-01 1.968E-01 2.071E-01 2.263E-01 2.456E-01 2.654E-01 2.853E-01
 2.962E-01 2.984E-01 3.015E-01 3.109E-01 3.212E-01 3.340E-01 3.492E-01 3.645E-01
 3.797E-01 3.949E-01 4.056E-01 4.117E-01 4.178E-01 4.239E-01 4.301E-01 4.371E-01
 4.452E-01 4.532E-01 4.613E-01 4.694E-01 4.738E-01 4.746E-01 4.754E-01 4.762E-01
 4.770E-01 4.778E-01 4.786E-01 4.794E-01 4.802E-01 4.810E-01 4.815E-01 4.815E-01
 4.816E-01 4.817E-01 4.818E-01 4.818E-01 4.819E-01 4.820E-01 4.821E-01 4.822E-01
 4.823E-01 4.826E-01 4.828E-01 4.830E-01 4.833E-01 4.835E-01 4.837E-01 4.838E-01
 4.840E-01 4.842E-01 4.839E-01 4.833E-01 4.826E-01 4.820E-01 4.813E-01 4.807E-01
 4.800E-01 4.793E-01 4.787E-01 4.780E-01 4.773E-01 4.766E-01 4.758E-01 4.751E-01
 4.744E-01 4.736E-01 4.728E-01 4.720E-01 4.712E-01 4.704E-01 4.695E-01 4.685E-01
 4.675E-01 4.665E-01 4.655E-01 4.636E-01 4.609E-01 4.581E-01 4.553E-01 4.526E-01
 4.491E-01 4.450E-01 4.408E-01 4.367E-01 4.325E-01 4.284E-01 4.242E-01 4.201E-01
 4.160E-01 4.118E-01 4.071E-01 4.017E-01 3.963E-01 3.909E-01 3.855E-01 3.787E-01
 3.705E-01 3.623E-01 3.540E-01 3.458E-01 3.381E-01 3.309E-01 3.237E-01 3.165E-01
 3.093E-01 3.021E-01 2.949E-01 2.877E-01 2.805E-01 2.733E-01 2.670E-01 2.616E-01
 2.562E-01 2.507E-01 2.453E-01 2.399E-01 2.344E-01 2.290E-01 2.236E-01 2.181E-01
 2.138E-01 2.105E-01 2.073E-01 2.040E-01 2.007E-01 1.975E-01 1.942E-01 1.910E-01
 1.877E-01 1.844E-01 1.812E-01 1.779E-01 1.747E-01 1.714E-01 1.682E-01 1.649E-01
 1.616E-01 1.584E-01 1.551E-01 1.519E-01 1.494E-01 1.478E-01 1.462E-01 1.446E-01
 1.430E-01 1.414E-01 1.398E-01 1.382E-01 1.366E-01 1.350E-01 1.334E-01 1.318E-01
 1.302E-01 1.286E-01 1.270E-01 1.254E-01 1.238E-01 1.222E-01 1.206E-01 1.190E-01
