   1.0000E-10      3.0000E-17     3.0000E-19
   1.0000E-09      3.0000E-17     3.0000E-19
   1.0000E-08      2.0000E-15     1.2000E-16
   1.0000E-07      2.0000E-15     1.2000E-16
   1.0000E-06      1.5000E-16     1.5000E-17
   1.0000E-05      1.5000E-16     1.5000E-17
   1.0000E-04      1.2000E-16     1.2000E-17
   1.0000E-03      1.5000E-16     1.5000E-17
   1.0000E-02      1.7000E-16     1.7000E-17
   1.0000E-01      2.8000E-16     2.8000E-17
   5.0000E-01      3.0000E-16     3.0000E-17
   7.5000E-01      4.0000E-16     4.0000E-17
   8.5000E-01      3.2000E-16     3.2000E-17
   1.0000E+00      3.5000E-16     3.5000E-17
   1.5000E+00      4.2000E-16     4.2000E-17
   2.0000E+00      5.0000E-16     5.0000E-17
   2.5000E+00      5.2000E-16     5.2000E-17
   3.0000E+00      3.5000E-16     3.5000E-17
   3.5000E+00      3.5000E-16     3.5000E-17
   4.0000E+00      2.5000E-16     2.5000E-17
   4.5000E+00      2.5000E-16     2.5000E-17
   5.0000E+00      2.5000E-16     2.5000E-17
   5.5000E+00      1.5000E-16     1.5000E-17
   6.0000E+00      1.5000E-16     1.5000E-17
   7.0000E+00      4.0000E-17     8.0000E-18
   8.0000E+00      2.5000E-17     2.5000E-18
   9.0000E+00      2.5000E-17     2.5000E-18
   1.0000E+01      7.0000E-18     7.0000E-19
   1.2000E+01      4.0000E-18     1.2000E-18
   1.4000E+01      1.0000E-18     3.0000E-19
   1.6000E+01      1.0000E-19     1.0000E-19
   1.8000E+01      1.0000E-19     1.0000E-19

