596.961364 582.915882 569.806970 557.548774 543.320556 527.563947 513.104173 499.764651 
485.480141 470.531243 456.884762 444.363526 432.811255 422.122672 412.185283 402.921955 
394.249189 384.190688 373.049782 364.447064 354.936752 343.291160 332.721303 323.073038 
314.216735 306.049022 297.597298 288.967405 281.047013 273.741222 266.983015 260.695682 
254.839275 249.353882 243.723158 237.984296 232.636877 227.633212 222.191676 216.418036 
211.075070 206.104328 201.474420 197.140156 193.072918 188.795134 184.349060 180.208250 
176.331206 171.831935 166.849001 162.275658 158.061059 153.542783 148.816898 144.501863 
140.541239 136.890853 133.511044 130.368658 127.439716 124.699978 121.518006 117.994960 
115.277320 112.269889 108.588116 105.246929 102.196545 99.3972762 96.8178888 94.1460024 
91.4187359 88.9160522 86.6100062 84.4736439 82.4894691 80.6381698 78.9081115 77.1279955 
75.3177841 73.6276421 72.0481795 70.3301982 68.5076111 66.8183287 65.2498943 63.7849161 
62.4158666 61.1305025 59.7759824 58.3714774 57.0599963 55.8349443 54.4119328 52.8371881 
51.3933501 50.0623441 48.6371004 47.1459131 45.7839698 44.5335346 43.3798166 42.3108293 
41.3182652 40.3917924 39.5259390 38.5208051 37.4086006 36.5505588 35.6027756 34.4436701 
33.3923348 32.4317123 31.5489716 30.7337969 29.8901608 29.0289892 28.2392066 27.5108475 
26.8371298 26.2111803 25.6278717 25.0823688 24.5235341 23.9550214 23.4259320 22.9295997 
22.3891111 21.8147332 21.2835287 20.7895517 20.3297670 19.8993514 19.4961170 19.0718328 
18.6312934 18.2212373 17.8374275 17.3932229 16.9035457 16.4545917 16.0387897 15.5927688 
15.1266944 14.7016948 14.3121053 13.9534789 13.6218444 13.3138769 13.0271849 12.7593213 
12.4487469 12.1070615 11.8454097 11.5528834 11.1953153 10.8715424 10.5766315 10.3068208 
10.0587415 9.80243756 9.54162722 9.30315921 9.08404358 8.88426760 8.69845311 8.52283031 
8.36113990 8.19368193 8.02547552 7.86827152 7.72239828 7.56455840 7.39768394 7.24442834 
7.10289350 6.97228923 6.85019371 6.73677553 6.61792179 6.49575384 6.38336748 6.28174561 
6.16054146 6.02992776 5.91013446 5.80336847 5.68998189 5.57431850 5.47181297 5.38033828 
5.29944568 5.22571433 5.16054115 5.10090534 5.04838996 4.99013446 4.92919013 4.88656994 
4.84409868 4.79807578 4.76422473 4.74097790 4.72733829 4.72253853 4.72681534 4.74233198 
4.76884430 4.80556001 4.85242439 4.90884583 4.97508446 5.05089955 5.14594511 5.26324329 
5.39570533 5.54407838 5.73932575 5.99251710 6.28222153 6.61303846 6.99083908 7.42259898 
7.91738543 8.56505125 9.41737086 10.4470339 11.7038108 13.7253496 17.0477105 21.9760675 
29.7486513 46.6633110 94.3930447 309.516917 5743.16157 1828.98265 172.782517 62.5047786 
31.8363927 19.1265102 11.6821414 7.19398506 5.12173535 3.66415842 2.47981634 1.77964125 
1.33391251 1.03408441 .823122873 .654491674 .519793910 .422387982 .349849252 .294493691 
.251391420 .217230548 .189746147 .165446272 .144058829 .126795864 .112720387 .099445004 
.087288546 .077641705 .069909543 .063669452 .058615425 .054542649 .050910746 .047828421 
.045637858 .044249790 .043627606 .044545814 .047926198 .055635903 .082057337 1.24502646 
46.8687147 .160512509 .250456782 .828994030 109.193307 3.32217590 .367337813 .127149105 
.063656306 .070629173 14.0849436 .026445775 .017226056 .015707969 .019107633 .071249043 
14.6053155 .023436303 .021354506 .042270626 9.66845704 18.8712532 .164474842 .048343448 
.060708466 .649071035 16.4584195 13.4524799 6.15534476 .068939695 2.27185090 .021731831 
.026031199 .465950088 7.43033622 .038237752 4.59032847 4.31287460 3.90388379 .029152908 
.005552948 1.38241200 1.51609829 1.03304350 .138875298 .438833606 .330923354 1.26572769 
1.51293978 .881373421 .002671140 1.85824876 .831747873 1.11508015 .695083090 .561948012 
.787298338 .383418363 .693267394 .644968804 .438821064 .606270398 .460346940 .436108958 
.456464528 .373148176 .609221241 .457903414 .424545569 .532249254 .264646797 .365244373 
.511169187 .380472422 .305432704 .334078511 .272720486 .333808298 .323136604 .312350189 
.302629745 .293975251 .286364245 .279796739 .271945503 .262513344 .252177246 .242571253 
.234645766 .228153242 .222417493 .217438500 .212459523 .208485019 .205514994 .201741818 
.197165494 .191630122 .187356251 .184411503 .180877808 .176500191 .172456600 .168512757 
.165167408 .161921808 .159154490 .156865497 .154163004 .151046987 .148649259 .146969761 
.145362258 .143826749 .142352191 .140945144 .139622998 .138401389 .137261398 .135979795 
.134731786 .133517398 .132341204 .131374048 .130001800 .126286138 .120416015 .114545892 
.108675769 .101338115 .091998727 .081218367 .073925595 .068633030 .064554445 .061571375 
.059583220 .058007713 .056618520 .055229327 .054200518 .053532095 .052685614 .051529655 
.050529850 .049330084 .048389253 .048107279 .047825305 .047543331 .047261357 .047161149 
.047242706 .047324264 .047405821 .047241249 .047089727 .046976205 .046771095 .046422944 
.046455392 .046909805 .047370726 .047775863 .047552392 .047049369 .046523677 .045855837 
.044718648 .043503896 .041495370 .038841935 .036655035 .034904985 .033568510 .032358230 
.031526285 .031144495 .030739895 .030408865 .029842426 .029069289 .028096420 .026816990 
.025464790 .024080938 .022665434 .021279253 .020069010 .018888090 .017817690 .016857810 
.015897930 .014938050 .013978170 .013128587 .012389302 .011650016 .010910730 .010171445 
.009515816 .008943844 .008371872 .007799900 .007227928 .006733777 .006317447 .005901117 
.005484787 .005068457 .004692209 .004356042 .004019875 .003683708 .003347541 .003065248 
.002836830 .002608412 .002379993 .002151575 .001973018 .001844321 .001715624 .001586927 
.001458230 .001364297 .001305128 .001245959 .001186790 .001127621 .001084199 .001056525 
.001028851 .001001177 9.73503E-4 9.58883E-4 9.57317E-4 9.55751E-4 9.54185E-4 9.52619E-4 
9.56754E-4 9.66589E-4 9.78388E-4 9.92150E-4 .001009193 .001029516 .001049839 .001070162 
.001090485 .001110808 .001132152 .001154515 .001176878 .001199241 .001221604 .001243967 
.001266330 .001288693 .001311056 .001333419 .001357510 .001383327 .001409145 .001434963 
.001460780 .001484780 .001506962 .001529144 .001551325 .001573507 .001591800 .001606204 
.001620608 .001635012 .001649416 .001659103 .001664073 .001669043 .001674013 .001678983 
.001679298 .001674958 .001670618 .001666278 .001661938 .001653404 .001640676 .001627948 
.001615220 .001602492 .001586526 .001567322 .001548119 .001528915 .001509711 .001489044 
.001466914 .001444785 .001422655 .001400525 .001377803 .001354489 .001331175 .001307861 
.001284547 .001260535 .001235825 .001211115 .001186405 .001161695 .001136198 .001109914 
.001083631 .001057347 .001031063 .001007341 9.86180E-4 9.65020E-4 9.43859E-4 9.22698E-4 
9.02153E-4 8.82222E-4 8.62291E-4 8.42361E-4 8.22430E-4 8.02499E-4 7.82568E-4 7.62638E-4 
7.42707E-4 7.22776E-4 7.04705E-4 6.88494E-4 6.72283E-4 6.56071E-4 6.39860E-4 6.23649E-4 
6.07438E-4 5.91226E-4 5.75015E-4 5.58804E-4 5.45242E-4 5.34330E-4 5.23417E-4 5.12505E-4 
5.01593E-4 4.90680E-4 4.79768E-4 4.68856E-4 4.57943E-4 4.47031E-4 4.37413E-4 4.29090E-4 
4.20767E-4 4.12443E-4 4.04120E-4 3.95797E-4 3.87474E-4 3.79150E-4 3.70827E-4 3.63891E-4 
