 1.543E+03 1.502E+03 1.469E+03 1.440E+03 1.403E+03 1.360E+03 1.323E+03 1.290E+03
 1.251E+03 1.215E+03 1.183E+03 1.151E+03 1.120E+03 1.088E+03 1.063E+03 1.041E+03
 1.019E+03 9.912E+02 9.612E+02 9.405E+02 9.157E+02 8.849E+02 8.609E+02 8.375E+02
 8.140E+02 7.906E+02 7.670E+02 7.466E+02 7.264E+02 7.062E+02 6.879E+02 6.728E+02
 6.578E+02 6.428E+02 6.285E+02 6.157E+02 6.030E+02 5.903E+02 5.755E+02 5.585E+02
 5.442E+02 5.326E+02 5.210E+02 5.093E+02 4.977E+02 4.867E+02 4.759E+02 4.652E+02
 4.544E+02 4.437E+02 4.323E+02 4.209E+02 4.096E+02 3.964E+02 3.840E+02 3.737E+02
 3.633E+02 3.530E+02 3.444E+02 3.367E+02 3.290E+02 3.214E+02 3.140E+02 3.059E+02
 2.992E+02 2.911E+02 2.804E+02 2.718E+02 2.644E+02 2.571E+02 2.498E+02 2.430E+02
 2.362E+02 2.295E+02 2.237E+02 2.189E+02 2.141E+02 2.094E+02 2.046E+02 1.994E+02
 1.944E+02 1.905E+02 1.866E+02 1.820E+02 1.769E+02 1.726E+02 1.688E+02 1.649E+02
 1.611E+02 1.581E+02 1.551E+02 1.517E+02 1.484E+02 1.450E+02 1.408E+02 1.368E+02
 1.333E+02 1.299E+02 1.259E+02 1.221E+02 1.187E+02 1.153E+02 1.125E+02 1.101E+02
 1.077E+02 1.053E+02 1.030E+02 1.000E+02 9.722E+01 9.525E+01 9.290E+01 8.976E+01
 8.679E+01 8.451E+01 8.229E+01 8.008E+01 7.796E+01 7.610E+01 7.424E+01 7.238E+01
 7.052E+01 6.866E+01 6.707E+01 6.585E+01 6.451E+01 6.305E+01 6.158E+01 6.020E+01
 5.894E+01 5.754E+01 5.614E+01 5.486E+01 5.390E+01 5.296E+01 5.202E+01 5.097E+01
 4.980E+01 4.862E+01 4.749E+01 4.648E+01 4.535E+01 4.422E+01 4.309E+01 4.197E+01
 4.090E+01 3.984E+01 3.884E+01 3.802E+01 3.723E+01 3.645E+01 3.585E+01 3.529E+01
 3.458E+01 3.374E+01 3.304E+01 3.236E+01 3.161E+01 3.086E+01 3.017E+01 2.969E+01
 2.922E+01 2.870E+01 2.812E+01 2.754E+01 2.706E+01 2.673E+01 2.641E+01 2.608E+01
 2.575E+01 2.545E+01 2.526E+01 2.507E+01 2.489E+01 2.468E+01 2.443E+01 2.419E+01
 2.404E+01 2.399E+01 2.395E+01 2.391E+01 2.386E+01 2.383E+01 2.391E+01 2.401E+01
 2.414E+01 2.437E+01 2.471E+01 2.505E+01 2.565E+01 2.644E+01 2.724E+01 2.807E+01
 2.927E+01 3.057E+01 3.186E+01 3.352E+01 3.545E+01 3.798E+01 4.194E+01 4.558E+01
 5.138E+01 6.117E+01 7.458E+01 9.460E+01 1.246E+02 1.744E+02 2.845E+02 6.090E+02
 2.311E+03 1.900E+04 3.885E+03 7.145E+02 2.891E+02 1.544E+02 9.172E+01 5.816E+01
 3.978E+01 2.884E+01 2.093E+01 1.520E+01 1.150E+01 8.985E+00 7.202E+00 5.892E+00
 4.907E+00 4.068E+00 3.361E+00 2.825E+00 2.407E+00 2.008E+00 1.648E+00 1.379E+00
 1.174E+00 9.916E-01 8.337E-01 7.188E-01 6.243E-01 5.529E-01 4.941E-01 4.470E-01
 4.093E-01 3.774E-01 3.464E-01 3.159E-01 2.971E-01 2.809E-01 2.660E-01 2.587E-01
 2.584E-01 2.654E-01 2.805E-01 3.108E-01 3.755E-01 2.130E+00 6.346E-01 9.409E-01
 1.744E+00 5.408E+00 1.130E+02 5.656E+02 3.956E+00 1.288E+00 7.255E-01 8.037E-01
 7.162E+01 9.077E-01 2.439E-01 1.535E-01 1.258E-01 1.321E-01 3.333E-01 3.483E+01
 2.086E-01 1.095E-01 2.285E+00 8.874E-02 2.290E-01 1.241E+01 3.146E+01 4.729E+01
 1.889E-01 2.409E+00 2.434E+01 7.785E-01 9.214E-02 1.132E-01 2.402E+00 2.846E+01
 2.505E+01 4.185E+00 4.524E+01 4.660E-01 2.332E+01 1.091E+01 1.913E+01 1.574E+01
 2.343E+00 1.294E+01 9.564E+00 2.896E+01 1.079E-01 9.493E+00 5.155E-01 2.869E+01
 2.495E+01 1.578E+01 1.354E+00 3.217E+01 4.330E+00 1.931E+01 1.797E+01 2.847E+00
 2.551E-01 7.626E+00 2.120E+01 4.098E+00 7.862E+00 6.615E+00 4.520E+00 6.552E+00
 7.670E+00 4.148E+00 9.725E+00 3.828E+00 3.564E+00 5.248E+00 3.762E+00 3.706E+00
 7.112E+00 4.135E+00 1.875E+00 1.213E+00 3.682E+00 2.113E+00 2.428E+00 2.197E+00
 2.055E+00 3.204E+00 2.610E+00 1.421E+00 3.041E+00 1.860E+00 1.712E+00 1.625E+00
 6.828E-01 2.065E+00 2.008E+00 1.951E+00 1.895E+00 1.837E+00 1.777E+00 1.718E+00
 1.658E+00 1.583E+00 1.498E+00 1.419E+00 1.346E+00 1.277E+00 1.233E+00 1.192E+00
 1.158E+00 1.130E+00 1.102E+00 1.074E+00 1.039E+00 9.969E-01 9.549E-01 9.128E-01
 8.723E-01 8.332E-01 7.940E-01 7.549E-01 7.158E-01 6.892E-01 6.750E-01 6.609E-01
 6.467E-01 6.329E-01 6.196E-01 6.085E-01 5.952E-01 5.777E-01 5.604E-01 5.432E-01
 5.260E-01 5.087E-01 4.893E-01 4.678E-01 4.515E-01 4.405E-01 4.296E-01 4.186E-01
 4.089E-01 4.005E-01 3.913E-01 3.814E-01 3.731E-01 3.652E-01 3.561E-01 3.465E-01
 3.370E-01 3.286E-01 3.225E-01 3.166E-01 3.119E-01 3.077E-01 3.032E-01 2.988E-01
 2.943E-01 2.896E-01 2.845E-01 2.795E-01 2.744E-01 2.694E-01 2.643E-01 2.592E-01
 2.551E-01 2.518E-01 2.485E-01 2.457E-01 2.431E-01 2.402E-01 2.367E-01 2.323E-01
 2.220E-01 2.070E-01 1.950E-01 1.858E-01 1.779E-01 1.707E-01 1.644E-01 1.576E-01
 1.500E-01 1.426E-01 1.356E-01 1.290E-01 1.241E-01 1.198E-01 1.126E-01 1.059E-01
 1.012E-01 9.830E-02 9.605E-02 9.353E-02 9.094E-02 8.858E-02 8.639E-02 8.434E-02
 8.254E-02 8.103E-02 7.875E-02 7.577E-02 7.297E-02 7.057E-02 6.868E-02 6.723E-02
 6.478E-02 6.133E-02 5.805E-02 5.495E-02 5.088E-02 4.583E-02 4.148E-02 3.782E-02
 3.470E-02 3.253E-02 3.079E-02 2.905E-02 2.735E-02 2.565E-02 2.398E-02 2.233E-02
 2.072E-02 1.926E-02 1.783E-02 1.656E-02 1.545E-02 1.436E-02 1.342E-02 1.251E-02
 1.182E-02 1.137E-02 1.090E-02 1.038E-02 9.843E-03 9.340E-03 8.867E-03 8.399E-03
 7.962E-03 7.530E-03 7.203E-03 6.981E-03 6.758E-03 6.536E-03 6.313E-03 6.054E-03
 5.757E-03 5.461E-03 5.164E-03 4.867E-03 4.605E-03 4.376E-03 4.147E-03 3.918E-03
 3.689E-03 3.459E-03 3.227E-03 2.995E-03 2.763E-03 2.531E-03 2.273E-03 1.990E-03
 1.707E-03 1.424E-03 1.140E-03 9.806E-04 9.445E-04 9.083E-04 8.722E-04 8.361E-04
 8.301E-04 8.542E-04 8.782E-04 9.023E-04 9.264E-04 9.526E-04 9.809E-04 1.009E-03
 1.038E-03 1.066E-03 1.096E-03 1.128E-03 1.160E-03 1.192E-03 1.224E-03 1.256E-03
 1.288E-03 1.320E-03 1.352E-03 1.384E-03 1.415E-03 1.445E-03 1.475E-03 1.505E-03
 1.535E-03 1.564E-03 1.592E-03 1.620E-03 1.648E-03 1.676E-03 1.700E-03 1.719E-03
 1.739E-03 1.758E-03 1.778E-03 1.792E-03 1.800E-03 1.809E-03 1.817E-03 1.826E-03
 1.830E-03 1.830E-03 1.830E-03 1.830E-03 1.829E-03 1.818E-03 1.797E-03 1.775E-03
 1.753E-03 1.731E-03 1.700E-03 1.660E-03 1.620E-03 1.580E-03 1.540E-03 1.500E-03
 1.460E-03 1.420E-03 1.380E-03 1.340E-03 1.300E-03 1.261E-03 1.222E-03 1.183E-03
 1.144E-03 1.105E-03 1.066E-03 1.027E-03 9.876E-04 9.485E-04 9.099E-04 8.717E-04
 8.336E-04 7.954E-04 7.573E-04 7.200E-04 6.836E-04 6.471E-04 6.107E-04 5.742E-04
 5.414E-04 5.122E-04 4.830E-04 4.537E-04 4.245E-04 4.004E-04 3.813E-04 3.622E-04
 3.431E-04 3.240E-04 3.085E-04 2.964E-04 2.843E-04 2.722E-04 2.601E-04 2.500E-04
 2.418E-04 2.335E-04 2.253E-04 2.171E-04 2.095E-04 2.026E-04 1.957E-04 1.888E-04
 1.819E-04 1.750E-04 1.681E-04 1.612E-04 1.543E-04 1.474E-04 1.416E-04 1.371E-04
 1.325E-04 1.280E-04 1.234E-04 1.188E-04 1.143E-04 1.097E-04 1.051E-04 1.006E-04
