 2.929E+04 2.863E+04 2.797E+04 2.734E+04 2.668E+04 2.589E+04 2.518E+04 2.453E+04
 2.382E+04 2.309E+04 2.243E+04 2.181E+04 2.128E+04 2.076E+04 2.024E+04 1.980E+04
 1.937E+04 1.887E+04 1.833E+04 1.791E+04 1.745E+04 1.687E+04 1.637E+04 1.588E+04
 1.548E+04 1.508E+04 1.464E+04 1.424E+04 1.386E+04 1.348E+04 1.314E+04 1.284E+04
 1.255E+04 1.228E+04 1.201E+04 1.175E+04 1.148E+04 1.123E+04 1.098E+04 1.069E+04
 1.042E+04 1.019E+04 9.955E+03 9.751E+03 9.550E+03 9.341E+03 9.126E+03 8.930E+03
 8.750E+03 8.525E+03 8.287E+03 8.067E+03 7.857E+03 7.651E+03 7.418E+03 7.209E+03
 7.026E+03 6.842E+03 6.680E+03 6.538E+03 6.397E+03 6.257E+03 6.112E+03 5.947E+03
 5.809E+03 5.670E+03 5.502E+03 5.336E+03 5.197E+03 5.068E+03 4.939E+03 4.812E+03
 4.686E+03 4.575E+03 4.470E+03 4.366E+03 4.277E+03 4.193E+03 4.108E+03 4.027E+03
 3.949E+03 3.871E+03 3.798E+03 3.724E+03 3.639E+03 3.564E+03 3.497E+03 3.431E+03
 3.374E+03 3.316E+03 3.261E+03 3.209E+03 3.157E+03 3.105E+03 3.044E+03 2.984E+03
 2.924E+03 2.865E+03 2.809E+03 2.757E+03 2.706E+03 2.662E+03 2.619E+03 2.583E+03
 2.556E+03 2.529E+03 2.502E+03 2.468E+03 2.439E+03 2.419E+03 2.396E+03 2.373E+03
 2.357E+03 2.342E+03 2.336E+03 2.331E+03 2.331E+03 2.337E+03 2.347E+03 2.361E+03
 2.380E+03 2.403E+03 2.429E+03 2.460E+03 2.498E+03 2.544E+03 2.597E+03 2.654E+03
 2.729E+03 2.822E+03 2.924E+03 3.037E+03 3.162E+03 3.303E+03 3.458E+03 3.650E+03
 3.885E+03 4.150E+03 4.433E+03 4.818E+03 5.315E+03 5.840E+03 6.362E+03 6.899E+03
 7.311E+03 7.396E+03 7.092E+03 6.476E+03 5.664E+03 4.816E+03 4.024E+03 3.330E+03
 2.626E+03 1.988E+03 1.592E+03 1.255E+03 9.473E+02 7.318E+02 5.745E+02 4.586E+02
 3.761E+02 3.051E+02 2.451E+02 1.995E+02 1.643E+02 1.370E+02 1.158E+02 9.912E+01
 8.703E+01 7.603E+01 6.620E+01 5.800E+01 5.123E+01 4.472E+01 3.883E+01 3.413E+01
 3.021E+01 2.699E+01 2.429E+01 2.212E+01 2.009E+01 1.817E+01 1.657E+01 1.521E+01
 1.385E+01 1.253E+01 1.146E+01 1.059E+01 9.801E+00 9.069E+00 8.477E+00 8.004E+00
 7.629E+00 7.315E+00 7.049E+00 6.824E+00 6.627E+00 6.420E+00 6.211E+00 6.074E+00
 5.945E+00 5.795E+00 5.677E+00 5.576E+00 5.492E+00 5.421E+00 5.366E+00 5.310E+00
 5.266E+00 5.227E+00 5.189E+00 5.159E+00 5.132E+00 5.110E+00 5.094E+00 5.076E+00
 5.059E+00 5.041E+00 5.027E+00 5.012E+00 4.997E+00 4.985E+00 4.977E+00 4.969E+00
 4.961E+00 4.952E+00 4.942E+00 4.932E+00 4.926E+00 4.921E+00 4.914E+00 4.907E+00
 4.901E+00 4.893E+00 4.896E+00 5.052E+00 8.963E+00 4.979E+00 4.877E+00 4.862E+00
 4.856E+00 4.868E+00 4.915E+00 5.832E+00 7.620E+01 7.240E+00 5.036E+00 4.909E+00
 4.853E+00 4.823E+00 4.795E+00 4.763E+00 4.729E+00 4.697E+00 4.664E+00 4.631E+00
 4.629E+00 5.402E+00 1.066E+02 6.239E+00 1.367E+01 3.679E+01 5.201E+00 4.802E+00
 4.639E+00 7.458E+00 4.297E+01 1.707E+02 8.136E+00 1.985E+01 7.377E+00 1.420E+01
 5.306E+00 4.746E+01 5.956E+01 5.745E+00 9.677E+00 7.061E+00 8.357E+00 2.122E+01
 5.273E+00 5.095E+00 2.116E+01 5.139E+00 1.169E+01 2.531E+01 1.952E+01 5.277E+00
 1.117E+01 1.080E+01 1.080E+01 5.255E+00 5.338E+00 7.765E+00 6.095E+00 1.237E+02
 1.554E+01 1.544E+01 6.097E+00 6.038E+00 8.485E+00 1.002E+01 9.921E+00 8.425E+00
 1.009E+01 5.136E+00 2.213E+01 5.517E+00 1.959E+01 5.999E+00 5.323E+00 1.350E+01
 5.399E+00 1.224E+01 5.361E+00 4.925E+00 4.351E+00 5.353E+01 1.160E+01 9.453E+00
 7.631E+00 6.685E+00 6.373E+00 6.246E+00 6.213E+00 6.238E+00 6.275E+00 6.325E+00
 6.351E+00 6.353E+00 6.355E+00 6.357E+00 6.361E+00 6.372E+00 6.381E+00 6.393E+00
 6.405E+00 6.415E+00 6.425E+00 6.435E+00 6.445E+00 6.456E+00 6.469E+00 6.481E+00
 6.494E+00 6.506E+00 6.519E+00 6.531E+00 6.544E+00 6.557E+00 6.572E+00 6.587E+00
 6.602E+00 6.620E+00 6.640E+00 6.660E+00 6.680E+00 6.698E+00 6.700E+00 6.700E+00
 6.699E+00 6.697E+00 6.697E+00 6.702E+00 6.708E+00 6.715E+00 6.727E+00 6.742E+00
 6.748E+00 6.745E+00 6.742E+00 6.744E+00 6.750E+00 6.757E+00 6.763E+00 6.770E+00
 6.781E+00 6.794E+00 6.810E+00 6.823E+00 6.839E+00 6.855E+00 6.865E+00 6.875E+00
 6.885E+00 6.895E+00 6.906E+00 6.919E+00 6.931E+00 6.944E+00 6.956E+00 6.969E+00
 6.981E+00 6.994E+00 7.007E+00 7.023E+00 7.037E+00 7.052E+00 7.070E+00 7.090E+00
 7.110E+00 7.130E+00 7.150E+00 7.170E+00 7.190E+00 7.202E+00 7.205E+00 7.208E+00
 7.212E+00 7.216E+00 7.221E+00 7.226E+00 7.231E+00 7.237E+00 7.242E+00 7.247E+00
 7.253E+00 7.258E+00 7.262E+00 7.267E+00 7.273E+00 7.278E+00 7.276E+00 7.269E+00
 7.262E+00 7.255E+00 7.250E+00 7.251E+00 7.250E+00 7.251E+00 7.250E+00 7.250E+00
 7.250E+00 7.238E+00 7.213E+00 7.162E+00 7.088E+00 7.025E+00 6.975E+00 6.920E+00
 6.862E+00 6.825E+00 6.795E+00 6.760E+00 6.720E+00 6.680E+00 6.640E+00 6.600E+00
 6.560E+00 6.520E+00 6.399E+00 6.197E+00 5.999E+00 5.840E+00 5.811E+00 5.812E+00
 5.722E+00 5.607E+00 5.500E+00 5.400E+00 5.338E+00 5.313E+00 5.225E+00 5.075E+00
 4.943E+00 4.827E+00 4.735E+00 4.665E+00 4.593E+00 4.517E+00 4.451E+00 4.394E+00
 4.339E+00 4.291E+00 4.244E+00 4.206E+00 4.178E+00 4.150E+00 4.122E+00 4.094E+00
 4.074E+00 4.062E+00 4.050E+00 4.038E+00 4.026E+00 4.018E+00 4.015E+00 4.012E+00
 4.009E+00 4.005E+00 4.002E+00 4.000E+00 4.000E+00 4.000E+00 4.000E+00 4.001E+00
 4.004E+00 4.007E+00 4.009E+00 4.012E+00 4.015E+00 4.017E+00 4.020E+00 4.024E+00
 4.028E+00 4.035E+00 4.045E+00 4.055E+00 4.065E+00 4.075E+00 4.083E+00 4.089E+00
 4.095E+00 4.101E+00 4.107E+00 4.117E+00 4.130E+00 4.143E+00 4.157E+00 4.170E+00
 4.183E+00 4.193E+00 4.201E+00 4.210E+00 4.219E+00 4.228E+00 4.236E+00 4.245E+00
 4.255E+00 4.264E+00 4.274E+00 4.284E+00 4.293E+00 4.303E+00 4.312E+00 4.322E+00
 4.331E+00 4.341E+00 4.349E+00 4.357E+00 4.365E+00 4.373E+00 4.381E+00 4.392E+00
 4.403E+00 4.414E+00 4.424E+00 4.435E+00 4.448E+00 4.463E+00 4.473E+00 4.480E+00
 4.488E+00 4.500E+00 4.513E+00 4.521E+00 4.522E+00 4.524E+00 4.530E+00 4.537E+00
 4.541E+00 4.543E+00 4.545E+00 4.549E+00 4.554E+00 4.559E+00 4.563E+00 4.568E+00
 4.573E+00 4.578E+00 4.582E+00 4.586E+00 4.590E+00 4.594E+00 4.598E+00 4.602E+00
 4.606E+00 4.610E+00 4.614E+00 4.618E+00 4.618E+00 4.614E+00 4.610E+00 4.606E+00
 4.602E+00 4.595E+00 4.585E+00 4.575E+00 4.565E+00 4.555E+00 4.550E+00 4.550E+00
 4.550E+00 4.550E+00 4.550E+00 4.550E+00 4.550E+00 4.550E+00 4.550E+00 4.550E+00
 4.550E+00 4.550E+00 4.550E+00 4.550E+00 4.550E+00 4.550E+00 4.550E+00 4.550E+00
 4.550E+00 4.550E+00 4.550E+00 4.550E+00 4.550E+00 4.550E+00 4.550E+00 4.550E+00
 4.550E+00 4.550E+00 4.550E+00 4.550E+00 4.550E+00 4.550E+00 4.550E+00 4.550E+00
 4.550E+00 4.550E+00 4.550E+00 4.550E+00 4.550E+00 4.550E+00 4.550E+00 4.550E+00
 4.550E+00 4.550E+00 4.550E+00 4.550E+00 4.550E+00 4.550E+00 4.550E+00 4.550E+00
