 5.868E+02 5.712E+02 5.587E+02 5.475E+02 5.336E+02 5.169E+02 5.030E+02 4.903E+02
 4.756E+02 4.620E+02 4.499E+02 4.378E+02 4.257E+02 4.137E+02 4.042E+02 3.958E+02
 3.874E+02 3.769E+02 3.655E+02 3.576E+02 3.481E+02 3.364E+02 3.273E+02 3.184E+02
 3.095E+02 3.006E+02 2.916E+02 2.839E+02 2.762E+02 2.685E+02 2.615E+02 2.558E+02
 2.501E+02 2.444E+02 2.389E+02 2.341E+02 2.292E+02 2.244E+02 2.188E+02 2.123E+02
 2.069E+02 2.024E+02 1.980E+02 1.936E+02 1.892E+02 1.850E+02 1.809E+02 1.768E+02
 1.727E+02 1.686E+02 1.643E+02 1.600E+02 1.557E+02 1.506E+02 1.459E+02 1.420E+02
 1.381E+02 1.341E+02 1.308E+02 1.279E+02 1.250E+02 1.221E+02 1.193E+02 1.162E+02
 1.136E+02 1.106E+02 1.065E+02 1.032E+02 1.004E+02 9.762E+01 9.483E+01 9.227E+01
 8.969E+01 8.710E+01 8.490E+01 8.308E+01 8.127E+01 7.945E+01 7.764E+01 7.564E+01
 7.374E+01 7.225E+01 7.076E+01 6.903E+01 6.706E+01 6.543E+01 6.397E+01 6.251E+01
 6.106E+01 5.991E+01 5.876E+01 5.747E+01 5.619E+01 5.490E+01 5.330E+01 5.175E+01
 5.044E+01 4.912E+01 4.759E+01 4.615E+01 4.485E+01 4.356E+01 4.246E+01 4.155E+01
 4.064E+01 3.973E+01 3.883E+01 3.769E+01 3.662E+01 3.587E+01 3.496E+01 3.376E+01
 3.261E+01 3.173E+01 3.088E+01 3.003E+01 2.919E+01 2.847E+01 2.776E+01 2.705E+01
 2.634E+01 2.563E+01 2.498E+01 2.450E+01 2.399E+01 2.342E+01 2.286E+01 2.231E+01
 2.181E+01 2.127E+01 2.073E+01 2.021E+01 1.981E+01 1.944E+01 1.907E+01 1.865E+01
 1.818E+01 1.772E+01 1.729E+01 1.690E+01 1.643E+01 1.596E+01 1.551E+01 1.509E+01
 1.463E+01 1.418E+01 1.380E+01 1.345E+01 1.310E+01 1.282E+01 1.256E+01 1.231E+01
 1.198E+01 1.160E+01 1.133E+01 1.106E+01 1.069E+01 1.034E+01 1.006E+01 9.785E+00
 9.519E+00 9.288E+00 9.043E+00 8.797E+00 8.552E+00 8.316E+00 8.137E+00 7.966E+00
 7.796E+00 7.608E+00 7.423E+00 7.270E+00 7.117E+00 6.940E+00 6.772E+00 6.628E+00
 6.483E+00 6.339E+00 6.195E+00 6.050E+00 5.917E+00 5.793E+00 5.670E+00 5.546E+00
 5.395E+00 5.250E+00 5.112E+00 4.975E+00 4.849E+00 4.720E+00 4.591E+00 4.462E+00
 4.334E+00 4.235E+00 4.147E+00 4.059E+00 3.971E+00 3.868E+00 3.768E+00 3.687E+00
 3.592E+00 3.491E+00 3.401E+00 3.310E+00 3.220E+00 3.132E+00 3.059E+00 2.983E+00
 2.907E+00 2.833E+00 2.774E+00 2.719E+00 2.663E+00 2.610E+00 2.567E+00 2.521E+00
 2.476E+00 2.431E+00 2.378E+00 2.319E+00 2.276E+00 2.235E+00 2.194E+00 2.154E+00
 2.121E+00 2.087E+00 2.050E+00 2.015E+00 1.989E+00 1.958E+00 1.920E+00 1.882E+00
 1.847E+00 1.815E+00 1.785E+00 1.762E+00 1.740E+00 1.718E+00 1.696E+00 1.677E+00
 1.668E+00 1.659E+00 1.647E+00 1.634E+00 1.625E+00 1.621E+00 1.621E+00 1.625E+00
 1.642E+00 1.660E+00 1.678E+00 1.699E+00 1.725E+00 1.772E+00 1.823E+00 1.874E+00
 1.932E+00 2.012E+00 2.095E+00 2.189E+00 2.327E+00 2.472E+00 2.639E+00 2.880E+00
 3.217E+00 3.639E+00 4.175E+00 4.873E+00 5.798E+00 7.064E+00 9.155E+00 1.291E+01
 1.984E+01 3.492E+01 1.125E+02 6.047E+02 1.580E+02 3.346E+01 1.259E+01 5.866E+00
 3.357E+00 2.161E+00 1.506E+00 1.103E+00 8.425E-01 6.645E-01 5.374E-01 4.254E-01
 3.311E-01 2.745E-01 2.254E-01 1.779E-01 1.448E-01 1.206E-01 1.023E-01 8.806E-02
 7.551E-02 6.479E-02 5.655E-02 4.974E-02 4.437E-02 3.997E-02 3.618E-02 3.314E-02
 3.018E-02 2.758E-02 2.526E-02 2.340E-02 2.147E-02 1.970E-02 1.814E-02 1.691E-02
 1.578E-02 1.489E-02 1.407E-02 1.330E-02 1.258E-02 1.195E-02 1.146E-02 1.090E-02
 1.052E-02 1.086E-01 9.728E-03 9.394E-03 9.206E-03 9.104E-03 9.094E-03 9.169E-03
 9.323E-03 9.550E-03 9.858E-03 1.026E-02 1.095E-02 1.235E-02 1.663E-02 3.545E-01
 1.711E-02 2.016E-02 2.574E-02 3.553E-02 2.658E-01 1.911E-01 6.846E-01 2.022E-01
 2.905E-01 2.676E-01 1.387E-01 8.399E-02 3.926E-02 2.394E-02 1.557E-02 4.470E-02
 5.355E-02 1.114E-02 2.461E-02 1.793E-01 1.122E-01 3.849E-03 1.449E-02 1.791E-01
 7.508E-03 1.469E-01 4.529E-03 6.474E-02 1.666E-03 9.944E-02 2.321E-03 1.515E-02
 8.830E-02 5.192E-02 2.022E-02 3.369E-02 4.716E-02 6.018E-03 2.114E-02 3.994E-02
 9.264E-03 5.916E-02 4.017E-02 4.206E-02 2.081E-02 4.379E-02 3.126E-02 3.250E-02
 1.454E-02 6.404E-03 2.063E-02 1.257E-02 2.889E-02 4.635E-03 1.877E-02 2.131E-02
 2.385E-03 1.630E-02 9.962E-03 1.492E-02 3.251E-03 1.382E-02 1.524E-02 1.930E-02
 1.049E-02 8.363E-03 7.902E-03 8.975E-03 7.415E-03 1.968E-02 1.917E-02 1.866E-02
 1.815E-02 1.752E-02 1.675E-02 1.599E-02 1.523E-02 1.458E-02 1.404E-02 1.350E-02
 1.295E-02 1.241E-02 1.197E-02 1.165E-02 1.132E-02 1.099E-02 1.058E-02 1.022E-02
 9.945E-03 9.618E-03 9.248E-03 8.944E-03 8.650E-03 8.416E-03 8.192E-03 7.989E-03
 7.806E-03 7.624E-03 7.441E-03 7.295E-03 7.185E-03 7.075E-03 6.965E-03 6.871E-03
 6.793E-03 6.715E-03 6.645E-03 6.594E-03 6.538E-03 6.496E-03 6.468E-03 6.444E-03
 6.440E-03 6.440E-03 6.465E-03 6.270E-03 5.708E-03 5.023E-03 4.485E-03 4.095E-03
 3.806E-03 3.619E-03 3.431E-03 3.244E-03 3.095E-03 2.985E-03 2.875E-03 2.765E-03
 2.655E-03 2.565E-03 2.495E-03 2.425E-03 2.355E-03 2.285E-03 2.220E-03 2.160E-03
 2.100E-03 2.040E-03 1.980E-03 1.920E-03 1.860E-03 1.800E-03 1.740E-03 1.680E-03
 1.632E-03 1.598E-03 1.563E-03 1.527E-03 1.492E-03 1.458E-03 1.423E-03 1.387E-03
 1.353E-03 1.318E-03 1.288E-03 1.262E-03 1.237E-03 1.213E-03 1.187E-03 1.163E-03
 1.138E-03 1.112E-03 1.088E-03 1.063E-03 1.041E-03 1.024E-03 1.006E-03 9.888E-04
 9.713E-04 9.538E-04 9.363E-04 9.188E-04 9.013E-04 8.838E-04 8.663E-04 8.488E-04
 8.313E-04 8.138E-04 7.963E-04 7.788E-04 7.613E-04 7.438E-04 7.263E-04 7.088E-04
 6.975E-04 6.925E-04 6.875E-04 6.825E-04 6.775E-04 6.725E-04 6.675E-04 6.625E-04
 6.575E-04 6.525E-04 6.475E-04 6.425E-04 6.375E-04 6.325E-04 6.275E-04 6.225E-04
 6.175E-04 6.125E-04 6.075E-04 6.025E-04 6.038E-04 6.113E-04 6.188E-04 6.263E-04
 6.338E-04 6.413E-04 6.488E-04 6.563E-04 6.638E-04 6.713E-04 6.788E-04 6.863E-04
 6.938E-04 7.013E-04 7.088E-04 7.163E-04 7.238E-04 7.313E-04 7.388E-04 7.463E-04
 7.550E-04 7.650E-04 7.750E-04 7.850E-04 7.950E-04 8.050E-04 8.150E-04 8.250E-04
 8.350E-04 8.450E-04 8.525E-04 8.575E-04 8.625E-04 8.675E-04 8.725E-04 8.775E-04
 8.825E-04 8.875E-04 8.925E-04 8.975E-04 8.975E-04 8.925E-04 8.875E-04 8.825E-04
 8.775E-04 8.725E-04 8.675E-04 8.625E-04 8.575E-04 8.525E-04 8.400E-04 8.200E-04
 8.000E-04 7.800E-04 7.600E-04 7.400E-04 7.200E-04 7.000E-04 6.800E-04 6.600E-04
 6.400E-04 6.200E-04 6.000E-04 5.800E-04 5.600E-04 5.400E-04 5.200E-04 5.000E-04
 4.800E-04 4.600E-04 4.425E-04 4.275E-04 4.125E-04 3.975E-04 3.825E-04 3.675E-04
 3.525E-04 3.375E-04 3.225E-04 3.075E-04 2.988E-04 2.962E-04 2.937E-04 2.913E-04
 2.887E-04 2.862E-04 2.837E-04 2.812E-04 2.787E-04 2.762E-04 2.737E-04 2.712E-04
 2.688E-04 2.662E-04 2.638E-04 2.613E-04 2.587E-04 2.563E-04 2.538E-04 2.512E-04
