 7.054E+01 6.866E+01 6.716E+01 6.582E+01 6.414E+01 6.214E+01 6.046E+01 5.894E+01
 5.718E+01 5.553E+01 5.408E+01 5.263E+01 5.117E+01 4.973E+01 4.859E+01 4.758E+01
 4.657E+01 4.531E+01 4.393E+01 4.299E+01 4.185E+01 4.044E+01 3.935E+01 3.828E+01
 3.720E+01 3.613E+01 3.506E+01 3.412E+01 3.320E+01 3.228E+01 3.144E+01 3.075E+01
 3.006E+01 2.938E+01 2.872E+01 2.814E+01 2.756E+01 2.698E+01 2.630E+01 2.552E+01
 2.487E+01 2.434E+01 2.381E+01 2.327E+01 2.274E+01 2.224E+01 2.175E+01 2.125E+01
 2.076E+01 2.027E+01 1.975E+01 1.923E+01 1.871E+01 1.811E+01 1.754E+01 1.707E+01
 1.660E+01 1.612E+01 1.573E+01 1.538E+01 1.503E+01 1.468E+01 1.434E+01 1.397E+01
 1.366E+01 1.329E+01 1.280E+01 1.241E+01 1.207E+01 1.173E+01 1.140E+01 1.109E+01
 1.078E+01 1.047E+01 1.021E+01 9.987E+00 9.769E+00 9.551E+00 9.333E+00 9.093E+00
 8.864E+00 8.685E+00 8.506E+00 8.297E+00 8.060E+00 7.865E+00 7.689E+00 7.513E+00
 7.339E+00 7.201E+00 7.062E+00 6.908E+00 6.753E+00 6.599E+00 6.406E+00 6.220E+00
 6.062E+00 5.904E+00 5.720E+00 5.546E+00 5.390E+00 5.234E+00 5.103E+00 4.994E+00
 4.884E+00 4.775E+00 4.666E+00 4.530E+00 4.402E+00 4.314E+00 4.208E+00 4.067E+00
 3.926E+00 3.807E+00 3.711E+00 3.617E+00 3.510E+00 3.402E+00 3.315E+00 3.228E+00
 3.142E+00 3.071E+00 3.003E+00 2.936E+00 2.870E+00 2.811E+00 2.752E+00 2.692E+00
 2.623E+00 2.547E+00 2.488E+00 2.432E+00 2.376E+00 2.321E+00 2.275E+00 2.233E+00
 2.185E+00 2.138E+00 2.090E+00 2.031E+00 1.964E+00 1.914E+00 1.867E+00 1.812E+00
 1.751E+00 1.702E+00 1.657E+00 1.611E+00 1.570E+00 1.535E+00 1.500E+00 1.466E+00
 1.432E+00 1.394E+00 1.362E+00 1.324E+00 1.276E+00 1.240E+00 1.204E+00 1.168E+00
 1.138E+00 1.107E+00 1.074E+00 1.046E+00 1.021E+00 9.973E-01 9.731E-01 9.488E-01
 9.255E-01 9.060E-01 8.858E-01 8.657E-01 8.455E-01 8.240E-01 8.038E-01 7.837E-01
 7.638E-01 7.480E-01 7.337E-01 7.195E-01 7.034E-01 6.856E-01 6.678E-01 6.527E-01
 6.373E-01 6.189E-01 6.005E-01 5.840E-01 5.680E-01 5.497E-01 5.335E-01 5.205E-01
 5.076E-01 4.947E-01 4.818E-01 4.690E-01 4.590E-01 4.479E-01 4.345E-01 4.234E-01
 4.116E-01 3.984E-01 3.852E-01 3.739E-01 3.646E-01 3.553E-01 3.449E-01 3.332E-01
 3.231E-01 3.150E-01 3.070E-01 2.990E-01 2.912E-01 2.849E-01 2.784E-01 2.712E-01
 2.643E-01 2.589E-01 2.530E-01 2.463E-01 2.395E-01 2.328E-01 2.263E-01 2.213E-01
 2.167E-01 2.115E-01 2.057E-01 2.000E-01 1.955E-01 1.901E-01 1.836E-01 1.781E-01
 1.735E-01 1.681E-01 1.620E-01 1.559E-01 1.507E-01 1.464E-01 1.422E-01 1.380E-01
 1.339E-01 1.306E-01 1.266E-01 1.219E-01 1.184E-01 1.150E-01 1.106E-01 1.061E-01
 1.016E-01 9.783E-02 9.475E-02 9.129E-02 8.744E-02 8.408E-02 8.123E-02 7.837E-02
 7.557E-02 7.323E-02 7.102E-02 6.858E-02 6.617E-02 6.404E-02 6.190E-02 5.975E-02
 5.760E-02 5.544E-02 5.329E-02 5.121E-02 4.957E-02 4.802E-02 4.626E-02 4.436E-02
 4.280E-02 4.133E-02 3.950E-02 3.762E-02 3.591E-02 3.434E-02 3.288E-02 3.123E-02
 2.958E-02 2.819E-02 2.709E-02 2.598E-02 2.490E-02 2.409E-02 2.333E-02 2.240E-02
 2.153E-02 2.091E-02 2.022E-02 1.958E-02 1.919E-02 1.906E-02 1.926E-02 2.142E-02
 9.279E-02 2.346E-02 2.826E-02 3.807E-02 6.198E-02 1.478E-01 1.806E+00 4.610E+01
 2.008E-01 1.357E+00 3.523E-02 2.080E-02 1.543E-02 1.532E-02 3.307E-01 1.001E-02
 9.267E-03 9.605E-03 8.538E-01 1.637E-02 8.468E-03 8.251E-03 8.350E-03 8.750E-03
 9.490E-03 1.064E-02 1.238E-02 1.568E-02 2.253E-02 3.804E-02 8.565E-02 4.496E-01
 2.803E+00 2.482E-01 6.411E-02 3.388E-02 3.716E-02 3.400E+00 5.868E-02 1.301E-02
 5.980E-03 7.304E-02 5.805E-02 3.687E-03 1.398E-02 7.171E-03 9.261E-01 2.217E-02
 8.108E-01 3.832E-02 1.008E+00 5.923E-02 8.443E-01 9.388E-03 5.259E-03 1.251E-01
 2.510E-01 2.983E-01 5.288E-01 3.821E-01 1.920E-01 1.133E-01 1.681E-01 4.287E-01
 1.345E-01 1.877E-01 1.085E-02 3.514E-03 7.683E-02 2.563E-01 1.069E-01 6.410E-02
 1.444E-01 1.498E-01 8.181E-02 4.630E-02 5.088E-02 1.046E-01 2.045E-01 8.516E-02
 1.404E-01 5.416E-02 1.048E-01 4.939E-02 3.942E-02 6.506E-02 4.675E-02 7.286E-02
 5.275E-02 5.364E-02 7.818E-02 4.307E-02 4.835E-02 5.660E-02 6.474E-03 1.406E-02
 4.124E-02 5.452E-02 2.985E-02 3.958E-02 3.639E-02 3.165E-02 4.189E-02 2.983E-02
 2.779E-02 3.259E-02 3.497E-02 3.465E-02 2.901E-02 2.988E-02 2.968E-02 2.948E-02
 2.928E-02 2.903E-02 2.874E-02 2.844E-02 2.814E-02 2.779E-02 2.739E-02 2.699E-02
 2.660E-02 2.620E-02 2.570E-02 2.510E-02 2.450E-02 2.390E-02 2.315E-02 2.225E-02
 2.150E-02 2.060E-02 1.970E-02 1.910E-02 1.850E-02 1.790E-02 1.730E-02 1.675E-02
 1.625E-02 1.575E-02 1.525E-02 1.488E-02 1.462E-02 1.438E-02 1.412E-02 1.399E-02
 1.397E-02 1.395E-02 1.393E-02 1.391E-02 1.388E-02 1.385E-02 1.383E-02 1.379E-02
 1.368E-02 1.356E-02 1.305E-02 1.215E-02 1.125E-02 1.035E-02 9.450E-03 8.750E-03
 8.250E-03 7.750E-03 7.250E-03 6.750E-03 6.455E-03 6.365E-03 6.275E-03 6.185E-03
 6.095E-03 6.005E-03 5.915E-03 5.825E-03 5.735E-03 5.645E-03 5.570E-03 5.510E-03
 5.450E-03 5.390E-03 5.330E-03 5.270E-03 5.210E-03 5.150E-03 5.090E-03 5.030E-03
 4.970E-03 4.910E-03 4.850E-03 4.790E-03 4.730E-03 4.670E-03 4.610E-03 4.550E-03
 4.490E-03 4.430E-03 4.387E-03 4.360E-03 4.333E-03 4.307E-03 4.280E-03 4.253E-03
 4.227E-03 4.200E-03 4.173E-03 4.147E-03 4.120E-03 4.093E-03 4.067E-03 4.040E-03
 4.013E-03 3.987E-03 3.960E-03 3.933E-03 3.907E-03 3.880E-03 3.853E-03 3.827E-03
 3.800E-03 3.773E-03 3.747E-03 3.720E-03 3.693E-03 3.667E-03 3.640E-03 3.613E-03
 3.590E-03 3.570E-03 3.550E-03 3.530E-03 3.510E-03 3.490E-03 3.470E-03 3.450E-03
 3.430E-03 3.410E-03 3.390E-03 3.370E-03 3.350E-03 3.330E-03 3.310E-03 3.290E-03
 3.270E-03 3.250E-03 3.230E-03 3.210E-03 3.194E-03 3.182E-03 3.170E-03 3.158E-03
 3.146E-03 3.134E-03 3.122E-03 3.110E-03 3.098E-03 3.086E-03 3.074E-03 3.062E-03
 3.050E-03 3.038E-03 3.026E-03 3.014E-03 3.002E-03 2.990E-03 2.978E-03 2.966E-03
 2.954E-03 2.942E-03 2.930E-03 2.918E-03 2.906E-03 2.894E-03 2.882E-03 2.870E-03
 2.858E-03 2.846E-03 2.834E-03 2.822E-03 2.810E-03 2.798E-03 2.786E-03 2.774E-03
 2.762E-03 2.750E-03 2.738E-03 2.726E-03 2.714E-03 2.702E-03 2.690E-03 2.678E-03
 2.666E-03 2.654E-03 2.642E-03 2.630E-03 2.618E-03 2.606E-03 2.597E-03 2.591E-03
 2.585E-03 2.579E-03 2.573E-03 2.567E-03 2.561E-03 2.555E-03 2.549E-03 2.543E-03
 2.537E-03 2.531E-03 2.525E-03 2.519E-03 2.513E-03 2.507E-03 2.501E-03 2.495E-03
 2.489E-03 2.483E-03 2.477E-03 2.471E-03 2.465E-03 2.459E-03 2.453E-03 2.447E-03
 2.441E-03 2.435E-03 2.429E-03 2.423E-03 2.417E-03 2.411E-03 2.405E-03 2.399E-03
 2.393E-03 2.387E-03 2.381E-03 2.375E-03 2.369E-03 2.363E-03 2.357E-03 2.351E-03
 2.345E-03 2.339E-03 2.333E-03 2.327E-03 2.321E-03 2.315E-03 2.309E-03 2.303E-03
