 1.000E-10 1.050E-10 1.100E-10 1.150E-10 1.200E-10 1.275E-10 1.350E-10 1.425E-10
 1.500E-10 1.600E-10 1.700E-10 1.800E-10 1.900E-10 2.000E-10 2.100E-10 2.200E-10
 2.300E-10 2.400E-10 2.550E-10 2.700E-10 2.800E-10 3.000E-10 3.200E-10 3.400E-10
 3.600E-10 3.800E-10 4.000E-10 4.250E-10 4.500E-10 4.750E-10 5.000E-10 5.250E-10
 5.500E-10 5.750E-10 6.000E-10 6.300E-10 6.600E-10 6.900E-10 7.200E-10 7.600E-10
 8.000E-10 8.400E-10 8.800E-10 9.200E-10 9.600E-10 1.000E-09 1.050E-09 1.100E-09
 1.150E-09 1.200E-09 1.275E-09 1.350E-09 1.425E-09 1.500E-09 1.600E-09 1.700E-09
 1.800E-09 1.900E-09 2.000E-09 2.100E-09 2.200E-09 2.300E-09 2.400E-09 2.550E-09
 2.700E-09 2.800E-09 3.000E-09 3.200E-09 3.400E-09 3.600E-09 3.800E-09 4.000E-09
 4.250E-09 4.500E-09 4.750E-09 5.000E-09 5.250E-09 5.500E-09 5.750E-09 6.000E-09
 6.300E-09 6.600E-09 6.900E-09 7.200E-09 7.600E-09 8.000E-09 8.400E-09 8.800E-09
 9.200E-09 9.600E-09 1.000E-08 1.050E-08 1.100E-08 1.150E-08 1.200E-08 1.275E-08
 1.350E-08 1.425E-08 1.500E-08 1.600E-08 1.700E-08 1.800E-08 1.900E-08 2.000E-08
 2.100E-08 2.200E-08 2.300E-08 2.400E-08 2.550E-08 2.700E-08 2.800E-08 3.000E-08
 3.200E-08 3.400E-08 3.600E-08 3.800E-08 4.000E-08 4.250E-08 4.500E-08 4.750E-08
 5.000E-08 5.250E-08 5.500E-08 5.750E-08 6.000E-08 6.300E-08 6.600E-08 6.900E-08
 7.200E-08 7.600E-08 8.000E-08 8.400E-08 8.800E-08 9.200E-08 9.600E-08 1.000E-07
 1.050E-07 1.100E-07 1.150E-07 1.200E-07 1.275E-07 1.350E-07 1.425E-07 1.500E-07
 1.600E-07 1.700E-07 1.800E-07 1.900E-07 2.000E-07 2.100E-07 2.200E-07 2.300E-07
 2.400E-07 2.550E-07 2.700E-07 2.800E-07 3.000E-07 3.200E-07 3.400E-07 3.600E-07
 3.800E-07 4.000E-07 4.250E-07 4.500E-07 4.750E-07 5.000E-07 5.250E-07 5.500E-07
 5.750E-07 6.000E-07 6.300E-07 6.600E-07 6.900E-07 7.200E-07 7.600E-07 8.000E-07
 8.400E-07 8.800E-07 9.200E-07 9.600E-07 1.000E-06 1.050E-06 1.100E-06 1.150E-06
 1.200E-06 1.275E-06 1.350E-06 1.425E-06 1.500E-06 1.600E-06 1.700E-06 1.800E-06
 1.900E-06 2.000E-06 2.100E-06 2.200E-06 2.300E-06 2.400E-06 2.550E-06 2.700E-06
 2.800E-06 3.000E-06 3.200E-06 3.400E-06 3.600E-06 3.800E-06 4.000E-06 4.250E-06
 4.500E-06 4.750E-06 5.000E-06 5.250E-06 5.500E-06 5.750E-06 6.000E-06 6.300E-06
 6.600E-06 6.900E-06 7.200E-06 7.600E-06 8.000E-06 8.400E-06 8.800E-06 9.120E-06
 9.600E-06 1.000E-05 1.050E-05 1.100E-05 1.150E-05 1.200E-05 1.275E-05 1.350E-05
 1.425E-05 1.500E-05 1.600E-05 1.700E-05 1.800E-05 1.900E-05 2.000E-05 2.100E-05
 2.200E-05 2.300E-05 2.400E-05 2.550E-05 2.700E-05 2.800E-05 3.000E-05 3.200E-05
 3.400E-05 3.600E-05 3.800E-05 4.000E-05 4.250E-05 4.500E-05 4.750E-05 5.000E-05
 5.250E-05 5.500E-05 5.750E-05 6.000E-05 6.300E-05 6.600E-05 6.900E-05 7.200E-05
 7.600E-05 8.000E-05 8.400E-05 8.800E-05 9.200E-05 9.600E-05 1.000E-04 1.050E-04
 1.100E-04 1.150E-04 1.200E-04 1.275E-04 1.350E-04 1.425E-04 1.500E-04 1.600E-04
 1.700E-04 1.800E-04 1.900E-04 2.000E-04 2.100E-04 2.200E-04 2.300E-04 2.400E-04
 2.550E-04 2.700E-04 2.800E-04 3.000E-04 3.200E-04 3.400E-04 3.600E-04 3.800E-04
 4.000E-04 4.250E-04 4.500E-04 4.750E-04 5.000E-04 5.250E-04 5.500E-04 5.750E-04
 6.000E-04 6.300E-04 6.600E-04 6.900E-04 7.200E-04 7.600E-04 8.000E-04 8.400E-04
 8.800E-04 9.200E-04 9.600E-04 1.000E-03 1.050E-03 1.100E-03 1.150E-03 1.200E-03
 1.275E-03 1.350E-03 1.425E-03 1.500E-03 1.600E-03 1.700E-03 1.800E-03 1.900E-03
 2.000E-03 2.100E-03 2.200E-03 2.300E-03 2.400E-03 2.550E-03 2.700E-03 2.800E-03
 3.000E-03 3.200E-03 3.400E-03 3.600E-03 3.800E-03 4.000E-03 4.250E-03 4.500E-03
 4.750E-03 5.000E-03 5.250E-03 5.500E-03 5.750E-03 6.000E-03 6.300E-03 6.600E-03
 6.900E-03 7.200E-03 7.600E-03 8.000E-03 8.400E-03 8.800E-03 9.200E-03 9.600E-03
 1.000E-02 1.050E-02 1.100E-02 1.150E-02 1.200E-02 1.275E-02 1.350E-02 1.425E-02
 1.500E-02 1.600E-02 1.700E-02 1.800E-02 1.900E-02 2.000E-02 2.100E-02 2.200E-02
 2.300E-02 2.400E-02 2.550E-02 2.700E-02 2.800E-02 3.000E-02 3.200E-02 3.400E-02
 3.600E-02 3.800E-02 4.000E-02 4.250E-02 4.500E-02 4.750E-02 5.000E-02 5.250E-02
 5.500E-02 5.750E-02 6.000E-02 6.300E-02 6.600E-02 6.900E-02 7.200E-02 7.600E-02
 8.000E-02 8.400E-02 8.800E-02 9.200E-02 9.600E-02 1.000E-01 1.050E-01 1.100E-01
 1.150E-01 1.200E-01 1.275E-01 1.350E-01 1.425E-01 1.500E-01 1.600E-01 1.700E-01
 1.800E-01 1.900E-01 2.000E-01 2.100E-01 2.200E-01 2.300E-01 2.400E-01 2.550E-01
 2.700E-01 2.800E-01 3.000E-01 3.200E-01 3.400E-01 3.600E-01 3.800E-01 4.000E-01
 4.250E-01 4.500E-01 4.750E-01 5.000E-01 5.250E-01 5.500E-01 5.750E-01 6.000E-01
 6.300E-01 6.600E-01 6.900E-01 7.200E-01 7.600E-01 8.000E-01 8.400E-01 8.800E-01
 9.200E-01 9.600E-01 1.000E+00 1.100E+00 1.200E+00 1.300E+00 1.400E+00 1.500E+00
 1.600E+00 1.700E+00 1.800E+00 1.900E+00 2.000E+00 2.100E+00 2.200E+00 2.300E+00
 2.400E+00 2.500E+00 2.600E+00 2.700E+00 2.800E+00 2.900E+00 3.000E+00 3.100E+00
 3.200E+00 3.300E+00 3.400E+00 3.500E+00 3.600E+00 3.700E+00 3.800E+00 3.900E+00
 4.000E+00 4.100E+00 4.200E+00 4.300E+00 4.400E+00 4.500E+00 4.600E+00 4.700E+00
 4.800E+00 4.900E+00 5.000E+00 5.100E+00 5.200E+00 5.300E+00 5.400E+00 5.500E+00
 5.600E+00 5.700E+00 5.800E+00 5.900E+00 6.000E+00 6.100E+00 6.200E+00 6.300E+00
 6.400E+00 6.500E+00 6.600E+00 6.700E+00 6.800E+00 6.900E+00 7.000E+00 7.100E+00
 7.200E+00 7.300E+00 7.400E+00 7.500E+00 7.600E+00 7.700E+00 7.800E+00 7.900E+00
 8.000E+00 8.100E+00 8.200E+00 8.300E+00 8.400E+00 8.500E+00 8.600E+00 8.700E+00
 8.800E+00 8.900E+00 9.000E+00 9.100E+00 9.200E+00 9.300E+00 9.400E+00 9.500E+00
 9.600E+00 9.700E+00 9.800E+00 9.900E+00 1.000E+01 1.010E+01 1.020E+01 1.030E+01
 1.040E+01 1.050E+01 1.060E+01 1.070E+01 1.080E+01 1.090E+01 1.100E+01 1.110E+01
 1.120E+01 1.130E+01 1.140E+01 1.150E+01 1.160E+01 1.170E+01 1.180E+01 1.190E+01
 1.200E+01 1.210E+01 1.220E+01 1.230E+01 1.240E+01 1.250E+01 1.260E+01 1.270E+01
 1.280E+01 1.290E+01 1.300E+01 1.310E+01 1.320E+01 1.330E+01 1.340E+01 1.350E+01
 1.360E+01 1.370E+01 1.380E+01 1.390E+01 1.400E+01 1.410E+01 1.420E+01 1.430E+01
 1.440E+01 1.450E+01 1.460E+01 1.470E+01 1.480E+01 1.490E+01 1.500E+01 1.510E+01
 1.520E+01 1.530E+01 1.540E+01 1.550E+01 1.560E+01 1.570E+01 1.580E+01 1.590E+01
 1.600E+01 1.610E+01 1.620E+01 1.630E+01 1.640E+01 1.650E+01 1.660E+01 1.670E+01
 1.680E+01 1.690E+01 1.700E+01 1.710E+01 1.720E+01 1.730E+01 1.740E+01 1.750E+01
 1.760E+01 1.770E+01 1.780E+01 1.790E+01 1.800E+01 1.810E+01 1.820E+01 1.830E+01
 1.840E+01 1.850E+01 1.860E+01 1.870E+01 1.880E+01 1.890E+01 1.900E+01 1.910E+01
 1.920E+01 1.930E+01 1.940E+01 1.950E+01 1.960E+01 1.970E+01 1.980E+01 1.990E+01
 2.000E+01
