 2.017E+01 1.964E+01 1.921E+01 1.882E+01 1.834E+01 1.777E+01 1.729E+01 1.686E+01
 1.635E+01 1.588E+01 1.547E+01 1.505E+01 1.463E+01 1.422E+01 1.390E+01 1.361E+01
 1.332E+01 1.296E+01 1.256E+01 1.229E+01 1.197E+01 1.157E+01 1.125E+01 1.095E+01
 1.064E+01 1.033E+01 1.003E+01 9.759E+00 9.495E+00 9.230E+00 8.990E+00 8.793E+00
 8.597E+00 8.401E+00 8.214E+00 8.047E+00 7.881E+00 7.715E+00 7.521E+00 7.299E+00
 7.112E+00 6.960E+00 6.808E+00 6.656E+00 6.504E+00 6.360E+00 6.219E+00 6.078E+00
 5.938E+00 5.797E+00 5.648E+00 5.500E+00 5.351E+00 5.178E+00 5.017E+00 4.882E+00
 4.746E+00 4.611E+00 4.498E+00 4.398E+00 4.298E+00 4.198E+00 4.100E+00 3.995E+00
 3.907E+00 3.801E+00 3.661E+00 3.548E+00 3.452E+00 3.356E+00 3.260E+00 3.172E+00
 3.083E+00 2.994E+00 2.919E+00 2.856E+00 2.794E+00 2.731E+00 2.669E+00 2.600E+00
 2.535E+00 2.484E+00 2.433E+00 2.373E+00 2.305E+00 2.249E+00 2.199E+00 2.149E+00
 2.099E+00 2.060E+00 2.020E+00 1.976E+00 1.931E+00 1.887E+00 1.832E+00 1.779E+00
 1.734E+00 1.688E+00 1.636E+00 1.586E+00 1.542E+00 1.497E+00 1.460E+00 1.428E+00
 1.397E+00 1.366E+00 1.334E+00 1.296E+00 1.258E+00 1.232E+00 1.200E+00 1.158E+00
 1.121E+00 1.090E+00 1.060E+00 1.031E+00 1.006E+00 9.797E-01 9.530E-01 9.264E-01
 8.999E-01 8.789E-01 8.609E-01 8.429E-01 8.231E-01 8.017E-01 7.839E-01 7.681E-01
 7.496E-01 7.288E-01 7.124E-01 6.977E-01 6.830E-01 6.683E-01 6.536E-01 6.371E-01
 6.209E-01 6.084E-01 5.959E-01 5.803E-01 5.619E-01 5.471E-01 5.333E-01 5.173E-01
 5.013E-01 4.871E-01 4.731E-01 4.620E-01 4.515E-01 4.411E-01 4.306E-01 4.202E-01
 4.095E-01 3.983E-01 3.890E-01 3.781E-01 3.660E-01 3.547E-01 3.441E-01 3.358E-01
 3.277E-01 3.186E-01 3.084E-01 2.994E-01 2.923E-01 2.852E-01 2.781E-01 2.713E-01
 2.658E-01 2.600E-01 2.536E-01 2.478E-01 2.432E-01 2.379E-01 2.319E-01 2.259E-01
 2.198E-01 2.146E-01 2.105E-01 2.063E-01 2.016E-01 1.964E-01 1.920E-01 1.881E-01
 1.833E-01 1.777E-01 1.734E-01 1.693E-01 1.645E-01 1.591E-01 1.539E-01 1.500E-01
 1.463E-01 1.425E-01 1.388E-01 1.358E-01 1.330E-01 1.296E-01 1.257E-01 1.232E-01
 1.203E-01 1.163E-01 1.124E-01 1.088E-01 1.061E-01 1.034E-01 1.004E-01 9.734E-02
 9.483E-02 9.236E-02 8.992E-02 8.802E-02 8.628E-02 8.454E-02 8.262E-02 8.054E-02
 7.845E-02 7.673E-02 7.507E-02 7.316E-02 7.126E-02 6.942E-02 6.796E-02 6.655E-02
 6.515E-02 6.360E-02 6.227E-02 6.104E-02 5.980E-02 5.826E-02 5.641E-02 5.470E-02
 5.340E-02 5.193E-02 5.024E-02 4.871E-02 4.746E-02 4.622E-02 4.501E-02 4.407E-02
 4.319E-02 4.232E-02 4.123E-02 3.992E-02 3.887E-02 3.795E-02 3.676E-02 3.557E-02
 3.449E-02 3.361E-02 3.273E-02 3.179E-02 3.099E-02 3.022E-02 2.945E-02 2.868E-02
 2.791E-02 2.729E-02 2.680E-02 2.626E-02 2.567E-02 2.507E-02 2.448E-02 2.383E-02
 2.326E-02 2.272E-02 2.219E-02 2.166E-02 2.122E-02 2.081E-02 2.036E-02 1.989E-02
 1.948E-02 1.908E-02 1.864E-02 1.815E-02 1.772E-02 1.734E-02 1.696E-02 1.663E-02
 1.642E-02 1.643E-02 1.685E-02 1.847E-02 2.594E-02 1.827E+00 1.831E+00 2.380E-02
 1.662E-02 1.564E-02 1.593E-02 1.874E-02 3.311E-02 1.178E+01 7.917E-01 3.052E-02
 1.672E-02 1.289E-02 1.135E-02 1.049E-02 9.922E-03 9.506E-03 9.199E-03 8.908E-03
 8.624E-03 8.377E-03 8.145E-03 7.964E-03 7.759E-03 7.524E-03 7.322E-03 7.171E-03
 7.020E-03 6.869E-03 6.719E-03 6.549E-03 6.372E-03 6.244E-03 6.122E-03 5.969E-03
 5.787E-03 5.639E-03 5.508E-03 5.356E-03 5.209E-03 5.093E-03 4.977E-03 4.861E-03
 4.745E-03 4.642E-03 4.570E-03 4.499E-03 4.410E-03 4.307E-03 4.307E-03 1.906E-02
 4.092E-03 4.036E-03 3.979E-03 3.926E-03 3.903E-03 3.887E-03 3.893E-03 3.915E-03
 3.966E-03 4.035E-03 4.155E-03 4.307E-03 4.614E-03 4.178E-01 5.464E-03 5.410E-03
 5.893E-03 6.741E-03 8.181E-03 1.051E-02 1.459E-02 2.270E-02 4.256E-02 1.154E-01
 7.000E-01 2.971E-01 5.186E-02 2.075E-02 1.033E-02 5.830E-03 3.948E-03 2.991E-03
 2.378E-03 1.972E-03 1.734E-03 4.181E-02 4.785E-02 1.432E-03 1.394E-03 1.381E-03
 1.386E-03 1.434E-03 2.235E-02 1.575E-03 1.712E-03 2.218E-02 2.525E-03 1.533E-02
 2.660E-02 7.908E-03 6.582E-02 2.108E-02 2.181E-02 6.366E-03 3.562E-03 1.360E-02
 2.745E-03 1.583E-03 2.316E-02 1.865E-03 2.532E-02 1.983E-03 9.905E-03 5.864E-03
 5.635E-03 1.177E-02 3.028E-02 1.846E-02 8.284E-03 9.385E-03 4.298E-03 1.505E-02
 9.239E-03 7.665E-03 1.576E-02 3.644E-03 3.517E-03 1.688E-02 1.376E-03 5.019E-03
 3.525E-03 1.928E-03 3.140E-03 4.265E-03 4.488E-03 3.010E-03 4.005E-03 5.100E-03
 4.968E-03 2.699E-03 5.120E-03 4.450E-03 3.802E-03 1.547E-03 1.551E-03 3.157E-03
 3.170E-03 3.149E-03 3.128E-03 3.107E-03 3.086E-03 3.065E-03 3.044E-03 3.021E-03
 2.996E-03 2.971E-03 2.946E-03 2.917E-03 2.884E-03 2.850E-03 2.817E-03 2.783E-03
 2.750E-03 2.717E-03 2.691E-03 2.673E-03 2.655E-03 2.637E-03 2.619E-03 2.601E-03
 2.583E-03 2.565E-03 2.547E-03 2.529E-03 2.448E-03 2.304E-03 2.160E-03 2.016E-03
 1.872E-03 1.729E-03 1.587E-03 1.445E-03 1.303E-03 1.161E-03 1.078E-03 1.056E-03
 1.032E-03 1.010E-03 9.865E-04 9.635E-04 9.405E-04 9.175E-04 8.945E-04 8.715E-04
 8.545E-04 8.435E-04 8.325E-04 8.215E-04 8.105E-04 7.995E-04 7.885E-04 7.775E-04
 7.665E-04 7.555E-04 7.478E-04 7.433E-04 7.388E-04 7.343E-04 7.298E-04 7.253E-04
 7.208E-04 7.163E-04 7.118E-04 7.073E-04 7.028E-04 6.983E-04 6.938E-04 6.893E-04
 6.848E-04 6.803E-04 6.758E-04 6.713E-04 6.668E-04 6.623E-04 6.593E-04 6.578E-04
 6.563E-04 6.548E-04 6.533E-04 6.518E-04 6.503E-04 6.488E-04 6.473E-04 6.458E-04
 6.443E-04 6.428E-04 6.413E-04 6.398E-04 6.383E-04 6.368E-04 6.353E-04 6.338E-04
 6.323E-04 6.308E-04 6.303E-04 6.308E-04 6.313E-04 6.318E-04 6.323E-04 6.328E-04
 6.333E-04 6.338E-04 6.343E-04 6.348E-04 6.353E-04 6.358E-04 6.363E-04 6.368E-04
 6.373E-04 6.378E-04 6.383E-04 6.388E-04 6.393E-04 6.398E-04 6.420E-04 6.460E-04
 6.500E-04 6.540E-04 6.580E-04 6.620E-04 6.660E-04 6.700E-04 6.740E-04 6.780E-04
 6.820E-04 6.860E-04 6.900E-04 6.940E-04 6.980E-04 7.020E-04 7.060E-04 7.100E-04
 7.140E-04 7.180E-04 7.238E-04 7.313E-04 7.388E-04 7.463E-04 7.538E-04 7.613E-04
 7.688E-04 7.763E-04 7.838E-04 7.913E-04 7.988E-04 8.063E-04 8.138E-04 8.213E-04
 8.288E-04 8.363E-04 8.438E-04 8.513E-04 8.588E-04 8.663E-04 8.733E-04 8.798E-04
 8.863E-04 8.928E-04 8.993E-04 9.058E-04 9.123E-04 9.188E-04 9.253E-04 9.318E-04
 9.383E-04 9.448E-04 9.513E-04 9.578E-04 9.643E-04 9.708E-04 9.773E-04 9.838E-04
 9.903E-04 9.968E-04 1.000E-03 1.000E-03 1.000E-03 1.000E-03 1.000E-03 1.000E-03
 1.000E-03 1.000E-03 1.000E-03 1.000E-03 9.975E-04 9.925E-04 9.875E-04 9.825E-04
 9.775E-04 9.725E-04 9.675E-04 9.625E-04 9.575E-04 9.525E-04 9.475E-04 9.425E-04
 9.375E-04 9.325E-04 9.275E-04 9.225E-04 9.175E-04 9.125E-04 9.075E-04 9.025E-04
