 1.851E+02 1.807E+02 1.767E+02 1.729E+02 1.684E+02 1.636E+02 1.591E+02 1.549E+02
 1.505E+02 1.459E+02 1.417E+02 1.378E+02 1.342E+02 1.309E+02 1.278E+02 1.249E+02
 1.222E+02 1.191E+02 1.157E+02 1.130E+02 1.101E+02 1.064E+02 1.032E+02 1.002E+02
 9.744E+01 9.491E+01 9.229E+01 8.961E+01 8.716E+01 8.489E+01 8.280E+01 8.085E+01
 7.904E+01 7.734E+01 7.559E+01 7.381E+01 7.216E+01 7.061E+01 6.892E+01 6.713E+01
 6.548E+01 6.394E+01 6.250E+01 6.116E+01 5.990E+01 5.857E+01 5.720E+01 5.591E+01
 5.471E+01 5.332E+01 5.178E+01 5.036E+01 4.906E+01 4.766E+01 4.619E+01 4.486E+01
 4.363E+01 4.250E+01 4.146E+01 4.048E+01 3.958E+01 3.873E+01 3.775E+01 3.666E+01
 3.581E+01 3.488E+01 3.375E+01 3.271E+01 3.177E+01 3.090E+01 3.011E+01 2.928E+01
 2.844E+01 2.766E+01 2.695E+01 2.629E+01 2.568E+01 2.511E+01 2.457E+01 2.402E+01
 2.346E+01 2.294E+01 2.246E+01 2.193E+01 2.136E+01 2.084E+01 2.036E+01 1.991E+01
 1.949E+01 1.910E+01 1.868E+01 1.825E+01 1.785E+01 1.747E+01 1.703E+01 1.655E+01
 1.611E+01 1.570E+01 1.526E+01 1.481E+01 1.439E+01 1.401E+01 1.366E+01 1.333E+01
 1.303E+01 1.275E+01 1.249E+01 1.218E+01 1.184E+01 1.158E+01 1.130E+01 1.095E+01
 1.063E+01 1.034E+01 1.008E+01 9.831E+00 9.579E+00 9.322E+00 9.087E+00 8.871E+00
 8.672E+00 8.487E+00 8.315E+00 8.155E+00 7.991E+00 7.825E+00 7.671E+00 7.528E+00
 7.372E+00 7.207E+00 7.055E+00 6.915E+00 6.786E+00 6.665E+00 6.553E+00 6.436E+00
 6.314E+00 6.202E+00 6.098E+00 5.978E+00 5.847E+00 5.729E+00 5.621E+00 5.508E+00
 5.392E+00 5.289E+00 5.198E+00 5.115E+00 5.040E+00 4.973E+00 4.912E+00 4.858E+00
 4.797E+00 4.734E+00 4.688E+00 4.642E+00 4.592E+00 4.553E+00 4.525E+00 4.507E+00
 4.496E+00 4.493E+00 4.502E+00 4.521E+00 4.550E+00 4.588E+00 4.636E+00 4.693E+00
 4.760E+00 4.845E+00 4.952E+00 5.073E+00 5.210E+00 5.393E+00 5.632E+00 5.908E+00
 6.227E+00 6.593E+00 7.017E+00 7.509E+00 8.164E+00 9.040E+00 1.012E+01 1.147E+01
 1.371E+01 1.757E+01 2.369E+01 3.428E+01 6.171E+01 1.772E+02 9.944E+02 1.101E+03
 1.928E+02 5.898E+01 2.837E+01 1.665E+01 1.096E+01 7.262E+00 4.864E+00 3.701E+00
 2.864E+00 2.187E+00 1.818E+00 1.644E+00 1.635E+00 1.840E+00 2.658E+00 7.236E+00
 1.282E+02 5.764E+01 4.323E+00 1.797E+00 1.121E+00 8.414E-01 6.899E-01 6.013E-01
 5.528E-01 5.266E-01 5.137E-01 5.138E-01 5.265E-01 5.504E-01 5.854E-01 6.328E-01
 6.956E-01 7.906E-01 9.379E-01 1.155E+00 1.490E+00 2.277E+00 4.771E+00 2.023E+01
 1.177E+03 2.875E+01 3.568E+00 1.706E+00 1.347E+00 1.664E+00 4.793E+00 2.474E+02
 7.054E+00 6.346E+00 4.476E+02 2.116E+01 3.664E+00 1.505E+00 2.013E+01 2.362E+02
 1.308E+00 4.239E-01 2.793E-01 3.238E-01 3.762E+01 3.681E+01 2.401E-01 1.874E-01
 8.930E-02 2.259E-01 5.159E+00 9.687E-02 1.314E-01 5.478E-01 6.612E+01 8.205E-01
 1.273E-01 1.533E-01 3.743E-01 1.119E+02 4.418E+01 8.277E+00 8.098E+01 1.267E+00
 1.502E-01 3.133E-01 2.954E+01 9.289E+00 1.679E-01 1.801E+00 2.004E-02 1.339E-02
 1.488E-02 2.458E-02 9.658E-01 2.650E+01 7.769E-02 2.230E+01 2.034E+01 7.560E+00
 4.266E-01 7.661E+00 2.271E-02 5.587E+00 3.232E+00 8.704E-01 4.372E-03 5.467E-03
 1.350E+00 3.311E+00 3.915E+00 1.417E-02 4.281E+00 6.213E+00 2.767E+00 1.058E+01
 1.224E+01 8.421E+00 1.052E+01 9.550E+00 5.208E+00 1.099E+01 1.463E+01 9.461E+00
 1.298E+01 2.995E+00 6.763E+00 5.221E+00 6.694E+00 4.503E+00 2.799E+00 6.289E+00
 7.868E+00 4.689E+00 3.797E+00 4.358E+00 5.285E+00 4.058E+00 3.331E+00 5.020E+00
 5.812E+00 3.507E+00 4.590E+00 3.024E+00 2.563E+00 3.235E+00 3.122E+00 3.045E+00
 2.949E+00 2.861E+00 2.781E+00 2.706E+00 2.637E+00 2.565E+00 2.491E+00 2.423E+00
 2.360E+00 2.301E+00 2.247E+00 2.196E+00 2.148E+00 2.098E+00 2.048E+00 2.001E+00
 1.957E+00 1.909E+00 1.858E+00 1.811E+00 1.767E+00 1.726E+00 1.688E+00 1.652E+00
 1.617E+00 1.583E+00 1.549E+00 1.515E+00 1.472E+00 1.424E+00 1.387E+00 1.351E+00
 1.309E+00 1.267E+00 1.231E+00 1.195E+00 1.164E+00 1.136E+00 1.109E+00 1.084E+00
 1.062E+00 1.034E+00 1.006E+00 9.830E-01 9.589E-01 9.296E-01 9.045E-01 8.821E-01
 8.622E-01 8.447E-01 8.268E-01 8.088E-01 7.926E-01 7.774E-01 7.636E-01 7.503E-01
 7.366E-01 7.223E-01 7.057E-01 6.869E-01 6.680E-01 6.491E-01 6.279E-01 6.050E-01
 5.837E-01 5.641E-01 5.461E-01 5.296E-01 5.145E-01 4.999E-01 4.852E-01 4.704E-01
 4.574E-01 4.434E-01 4.273E-01 4.138E-01 4.011E-01 3.886E-01 3.757E-01 3.644E-01
 3.544E-01 3.455E-01 3.376E-01 3.306E-01 3.243E-01 3.186E-01 3.123E-01 3.056E-01
 3.007E-01 2.955E-01 2.897E-01 2.850E-01 2.811E-01 2.779E-01 2.753E-01 2.731E-01
 2.713E-01 2.701E-01 2.694E-01 2.693E-01 2.697E-01 2.704E-01 2.715E-01 2.730E-01
 2.751E-01 2.774E-01 2.801E-01 2.835E-01 2.877E-01 2.922E-01 2.969E-01 3.017E-01
 3.065E-01 3.112E-01 3.191E-01 3.287E-01 3.348E-01 3.359E-01 3.313E-01 3.207E-01
 3.048E-01 2.846E-01 2.618E-01 2.378E-01 2.139E-01 1.910E-01 1.698E-01 1.506E-01
 1.334E-01 1.182E-01 1.049E-01 9.318E-02 8.298E-02 7.407E-02 6.628E-02 5.947E-02
 5.350E-02 4.825E-02 4.362E-02 3.954E-02 3.592E-02 3.270E-02 2.984E-02 2.728E-02
 2.498E-02 2.292E-02 2.107E-02 1.940E-02 1.788E-02 1.651E-02 1.526E-02 1.413E-02
 1.309E-02 1.214E-02 1.128E-02 1.048E-02 9.750E-03 9.077E-03 8.457E-03 7.884E-03
 7.355E-03 6.865E-03 6.411E-03 5.989E-03 5.598E-03 5.234E-03 4.896E-03 4.581E-03
 4.288E-03 4.014E-03 3.758E-03 3.520E-03 3.298E-03 3.090E-03 2.895E-03 2.714E-03
 2.544E-03 2.386E-03 2.238E-03 2.100E-03 1.971E-03 1.851E-03 1.739E-03 1.636E-03
 1.539E-03 1.449E-03 1.367E-03 1.290E-03 1.220E-03 1.155E-03 1.096E-03 1.043E-03
 9.941E-04 9.505E-04 9.116E-04 8.773E-04 8.473E-04 8.216E-04 7.999E-04 7.822E-04
 7.681E-04 7.577E-04 7.507E-04 7.470E-04 7.465E-04 7.489E-04 7.542E-04 7.621E-04
 7.724E-04 7.851E-04 7.998E-04 8.165E-04 8.348E-04 8.547E-04 8.758E-04 8.980E-04
 9.211E-04 9.449E-04 9.690E-04 9.933E-04 1.018E-03 1.042E-03 1.066E-03 1.089E-03
 1.111E-03 1.133E-03 1.153E-03 1.172E-03 1.190E-03 1.207E-03 1.222E-03 1.235E-03
 1.246E-03 1.256E-03 1.264E-03 1.271E-03 1.275E-03 1.278E-03 1.279E-03 1.279E-03
 1.277E-03 1.273E-03 1.268E-03 1.261E-03 1.254E-03 1.244E-03 1.234E-03 1.223E-03
 1.210E-03 1.197E-03 1.182E-03 1.167E-03 1.152E-03 1.135E-03 1.118E-03 1.101E-03
 1.083E-03 1.065E-03 1.046E-03 1.027E-03 1.008E-03 9.890E-04 9.697E-04 9.504E-04
 9.310E-04 9.117E-04 8.924E-04 8.731E-04 8.539E-04 8.348E-04 8.159E-04 7.970E-04
 7.784E-04 7.600E-04 7.417E-04 7.237E-04 7.059E-04 6.883E-04 6.710E-04 6.539E-04
 6.371E-04 6.205E-04 6.042E-04 5.881E-04 5.723E-04 5.568E-04 5.415E-04 5.265E-04
 5.118E-04 4.973E-04 4.831E-04 4.692E-04 4.555E-04 4.421E-04 4.289E-04 4.160E-04
 4.033E-04 3.909E-04 3.787E-04 3.667E-04 3.550E-04 3.435E-04 3.323E-04 3.230E-04 
