 0.000E+00 0.000E+00 0.000E+00 0.000E+00 0.000E+00 0.000E+00 0.000E+00 0.000E+00
 0.000E+00 0.000E+00 0.000E+00 0.000E+00 0.000E+00 0.000E+00 0.000E+00 0.000E+00
 0.000E+00 0.000E+00 0.000E+00 0.000E+00 0.000E+00 0.000E+00 0.000E+00 0.000E+00
 0.000E+00 0.000E+00 0.000E+00 0.000E+00 0.000E+00 0.000E+00 0.000E+00 0.000E+00
 0.000E+00 0.000E+00 0.000E+00 0.000E+00 0.000E+00 0.000E+00 0.000E+00 0.000E+00
 0.000E+00 0.000E+00 0.000E+00 0.000E+00 0.000E+00 0.000E+00 0.000E+00 0.000E+00
 0.000E+00 0.000E+00 0.000E+00 0.000E+00 0.000E+00 0.000E+00 0.000E+00 0.000E+00
 0.000E+00 0.000E+00 0.000E+00 0.000E+00 0.000E+00 0.000E+00 0.000E+00 0.000E+00
 0.000E+00 0.000E+00 0.000E+00 0.000E+00 0.000E+00 0.000E+00 0.000E+00 0.000E+00
 0.000E+00 0.000E+00 0.000E+00 0.000E+00 0.000E+00 0.000E+00 0.000E+00 0.000E+00
 0.000E+00 0.000E+00 0.000E+00 0.000E+00 0.000E+00 0.000E+00 0.000E+00 0.000E+00
 0.000E+00 0.000E+00 0.000E+00 0.000E+00 0.000E+00 0.000E+00 0.000E+00 0.000E+00
 0.000E+00 0.000E+00 0.000E+00 0.000E+00 0.000E+00 0.000E+00 0.000E+00 0.000E+00
 0.000E+00 0.000E+00 0.000E+00 0.000E+00 0.000E+00 0.000E+00 0.000E+00 0.000E+00
 0.000E+00 0.000E+00 0.000E+00 0.000E+00 0.000E+00 0.000E+00 0.000E+00 0.000E+00
 0.000E+00 0.000E+00 0.000E+00 0.000E+00 0.000E+00 0.000E+00 0.000E+00 0.000E+00
 0.000E+00 0.000E+00 0.000E+00 0.000E+00 0.000E+00 0.000E+00 0.000E+00 0.000E+00
 0.000E+00 0.000E+00 0.000E+00 0.000E+00 0.000E+00 0.000E+00 0.000E+00 0.000E+00
 0.000E+00 0.000E+00 0.000E+00 0.000E+00 0.000E+00 0.000E+00 0.000E+00 0.000E+00
 0.000E+00 0.000E+00 0.000E+00 0.000E+00 0.000E+00 0.000E+00 0.000E+00 0.000E+00
 0.000E+00 0.000E+00 0.000E+00 0.000E+00 0.000E+00 0.000E+00 0.000E+00 0.000E+00
 0.000E+00 0.000E+00 0.000E+00 0.000E+00 0.000E+00 0.000E+00 0.000E+00 0.000E+00
 0.000E+00 0.000E+00 0.000E+00 0.000E+00 0.000E+00 0.000E+00 0.000E+00 0.000E+00
 0.000E+00 0.000E+00 0.000E+00 0.000E+00 0.000E+00 0.000E+00 0.000E+00 0.000E+00
 0.000E+00 0.000E+00 0.000E+00 0.000E+00 0.000E+00 0.000E+00 0.000E+00 0.000E+00
 0.000E+00 0.000E+00 0.000E+00 0.000E+00 0.000E+00 0.000E+00 0.000E+00 0.000E+00
 0.000E+00 0.000E+00 0.000E+00 0.000E+00 0.000E+00 0.000E+00 0.000E+00 0.000E+00
 0.000E+00 0.000E+00 0.000E+00 0.000E+00 0.000E+00 0.000E+00 0.000E+00 0.000E+00
 0.000E+00 0.000E+00 0.000E+00 0.000E+00 0.000E+00 0.000E+00 0.000E+00 0.000E+00
 0.000E+00 0.000E+00 0.000E+00 0.000E+00 0.000E+00 0.000E+00 0.000E+00 0.000E+00
 0.000E+00 0.000E+00 0.000E+00 0.000E+00 0.000E+00 0.000E+00 0.000E+00 0.000E+00
 0.000E+00 0.000E+00 0.000E+00 0.000E+00 0.000E+00 0.000E+00 0.000E+00 0.000E+00
 0.000E+00 0.000E+00 0.000E+00 0.000E+00 0.000E+00 0.000E+00 0.000E+00 0.000E+00
 0.000E+00 0.000E+00 0.000E+00 0.000E+00 0.000E+00 0.000E+00 0.000E+00 0.000E+00
 0.000E+00 0.000E+00 0.000E+00 0.000E+00 0.000E+00 0.000E+00 0.000E+00 0.000E+00
 0.000E+00 0.000E+00 0.000E+00 0.000E+00 0.000E+00 0.000E+00 0.000E+00 0.000E+00
 0.000E+00 0.000E+00 0.000E+00 0.000E+00 0.000E+00 0.000E+00 0.000E+00 0.000E+00
 0.000E+00 0.000E+00 0.000E+00 0.000E+00 0.000E+00 0.000E+00 0.000E+00 0.000E+00
 0.000E+00 0.000E+00 0.000E+00 0.000E+00 0.000E+00 0.000E+00 0.000E+00 0.000E+00
 0.000E+00 0.000E+00 0.000E+00 0.000E+00 0.000E+00 0.000E+00 0.000E+00 0.000E+00
 0.000E+00 0.000E+00 0.000E+00 0.000E+00 0.000E+00 0.000E+00 0.000E+00 0.000E+00
 0.000E+00 0.000E+00 0.000E+00 0.000E+00 0.000E+00 0.000E+00 0.000E+00 0.000E+00
 0.000E+00 0.000E+00 0.000E+00 0.000E+00 0.000E+00 0.000E+00 0.000E+00 0.000E+00
 0.000E+00 0.000E+00 0.000E+00 0.000E+00 0.000E+00 0.000E+00 0.000E+00 0.000E+00
 0.000E+00 0.000E+00 0.000E+00 0.000E+00 0.000E+00 0.000E+00 0.000E+00 0.000E+00
 0.000E+00 0.000E+00 0.000E+00 0.000E+00 0.000E+00 0.000E+00 0.000E+00 0.000E+00
 0.000E+00 0.000E+00 0.000E+00 0.000E+00 0.000E+00 0.000E+00 0.000E+00 0.000E+00
 0.000E+00 0.000E+00 0.000E+00 0.000E+00 0.000E+00 0.000E+00 0.000E+00 0.000E+00
 0.000E+00 0.000E+00 0.000E+00 0.000E+00 0.000E+00 0.000E+00 0.000E+00 0.000E+00
 0.000E+00 0.000E+00 0.000E+00 0.000E+00 0.000E+00 0.000E+00 0.000E+00 0.000E+00
 0.000E+00 0.000E+00 0.000E+00 0.000E+00 0.000E+00 0.000E+00 0.000E+00 0.000E+00
 0.000E+00 0.000E+00 0.000E+00 0.000E+00 0.000E+00 0.000E+00 0.000E+00 0.000E+00
 0.000E+00 0.000E+00 0.000E+00 0.000E+00 0.000E+00 0.000E+00 0.000E+00 0.000E+00
 0.000E+00 0.000E+00 0.000E+00 0.000E+00 0.000E+00 0.000E+00 0.000E+00 0.000E+00
 0.000E+00 0.000E+00 0.000E+00 3.969E-05 1.191E-04 1.985E-04 2.778E-04 3.652E-04
 4.604E-04 5.557E-04 6.510E-04 7.621E-04 8.891E-04 1.016E-03 1.143E-03 1.270E-03
 1.397E-03 1.524E-03 2.804E-03 5.238E-03 7.671E-03 1.010E-02 1.254E-02 1.631E-02
 2.144E-02 2.656E-02 3.168E-02 3.680E-02 4.628E-02 6.012E-02 7.395E-02 8.779E-02
 1.016E-01 1.171E-01 1.343E-01 1.516E-01 1.688E-01 1.860E-01 2.027E-01 2.189E-01
 2.351E-01 2.513E-01 2.675E-01 2.837E-01 2.998E-01 3.158E-01 3.319E-01 3.480E-01
 3.610E-01 3.709E-01 3.808E-01 3.907E-01 4.006E-01 4.095E-01 4.173E-01 4.251E-01
 4.330E-01 4.408E-01 4.514E-01 4.648E-01 4.782E-01 4.916E-01 5.049E-01 5.185E-01
 5.321E-01 5.458E-01 5.595E-01 5.732E-01 5.826E-01 5.878E-01 5.930E-01 5.982E-01
 6.034E-01 6.069E-01 6.087E-01 6.105E-01 6.123E-01 6.141E-01 6.157E-01 6.171E-01
 6.185E-01 6.199E-01 6.213E-01 6.225E-01 6.235E-01 6.245E-01 6.255E-01 6.265E-01
 6.271E-01 6.273E-01 6.275E-01 6.277E-01 6.279E-01 6.279E-01 6.277E-01 6.275E-01
 6.273E-01 6.271E-01 6.263E-01 6.249E-01 6.235E-01 6.221E-01 6.207E-01 6.193E-01
 6.179E-01 6.165E-01 6.151E-01 6.137E-01 6.122E-01 6.106E-01 6.090E-01 6.074E-01
 6.058E-01 6.035E-01 6.005E-01 5.975E-01 5.945E-01 5.915E-01 5.885E-01 5.855E-01
 5.825E-01 5.795E-01 5.765E-01 5.727E-01 5.681E-01 5.635E-01 5.589E-01 5.543E-01
 5.484E-01 5.412E-01 5.340E-01 5.268E-01 5.197E-01 5.124E-01 5.049E-01 4.975E-01
 4.901E-01 4.827E-01 4.738E-01 4.633E-01 4.528E-01 4.423E-01 4.318E-01 4.213E-01
 4.108E-01 4.003E-01 3.898E-01 3.793E-01 3.688E-01 3.583E-01 3.478E-01 3.373E-01
 3.268E-01 3.172E-01 3.084E-01 2.997E-01 2.909E-01 2.821E-01 2.733E-01 2.645E-01
 2.558E-01 2.470E-01 2.382E-01 2.294E-01 2.206E-01 2.119E-01 2.031E-01 1.943E-01
 1.876E-01 1.830E-01 1.784E-01 1.738E-01 1.693E-01 1.647E-01 1.601E-01 1.555E-01
 1.509E-01 1.463E-01 1.417E-01 1.372E-01 1.326E-01 1.280E-01 1.234E-01 1.201E-01
 1.182E-01 1.163E-01 1.143E-01 1.124E-01 1.105E-01 1.085E-01 1.066E-01 1.046E-01
 1.027E-01 1.008E-01 9.884E-02 9.691E-02 9.497E-02 9.304E-02 9.110E-02 8.917E-02
 8.723E-02 8.530E-02 8.336E-02 8.143E-02 7.949E-02 7.756E-02 7.562E-02 7.369E-02
